Notes,State,State Code,County,County Code,Year,Year Code,Month,Month Code,Avg Day Land Surface Temperature (F),Avg Night Land Surface Temperature (F),Cases
,Arizona,4.0,Apache,4001.0,2003,2003.0,Jan,1,56.3483,22.7507,0
,Arizona,4.0,Apache,4001.0,2003,2003.0,Feb,2,57.6063,18.3087,0
,Arizona,4.0,Apache,4001.0,2003,2003.0,Mar,3,72.8166,25.0819,0
,Arizona,4.0,Apache,4001.0,2003,2003.0,Apr,4,87.3119,30.7526,0
,Arizona,4.0,Apache,4001.0,2003,2003.0,May,5,102.8179,41.742,0
,Arizona,4.0,Apache,4001.0,2003,2003.0,Jun,6,114.7581,49.8852,0
,Arizona,4.0,Apache,4001.0,2003,2003.0,Jul,7,122.8439,58.234,0
,Arizona,4.0,Apache,4001.0,2003,2003.0,Aug,8,106.8851,55.7729,0
,Arizona,4.0,Apache,4001.0,2003,2003.0,Sep,9,98.3839,48.2384,0
,Arizona,4.0,Apache,4001.0,2003,2003.0,Oct,10,85.5412,41.2829,1
,Arizona,4.0,Apache,4001.0,2003,2003.0,Nov,11,59.6799,24.4384,0
,Arizona,4.0,Apache,4001.0,2003,2003.0,Dec,12,50.4246,16.7134,0
,Arizona,4.0,Apache,4001.0,2004,2004.0,Jan,1,49.7505,16.83,0
,Arizona,4.0,Apache,4001.0,2004,2004.0,Feb,2,50.8263,13.9446,0
,Arizona,4.0,Apache,4001.0,2004,2004.0,Mar,3,81.9478,30.8625,0
,Arizona,4.0,Apache,4001.0,2004,2004.0,Apr,4,84.9657,34.0686,1
,Arizona,4.0,Apache,4001.0,2004,2004.0,May,5,104.1825,41.9011,0
,Arizona,4.0,Apache,4001.0,2004,2004.0,Jun,6,116.4031,49.8094,0
,Arizona,4.0,Apache,4001.0,2004,2004.0,Jul,7,115.5289,54.4476,1
,Arizona,4.0,Apache,4001.0,2004,2004.0,Aug,8,106.9005,53.1446,2
,Arizona,4.0,Apache,4001.0,2004,2004.0,Sep,9,98.3951,47.9028,1
,Arizona,4.0,Apache,4001.0,2004,2004.0,Oct,10,76.6368,37.7815,1
,Arizona,4.0,Apache,4001.0,2004,2004.0,Nov,11,56.2607,25.6314,0
,Arizona,4.0,Apache,4001.0,2004,2004.0,Dec,12,50.1955,19.3519,1
,Arizona,4.0,Apache,4001.0,2005,2005.0,Jan,1,52.3912,21.8009,1
,Arizona,4.0,Apache,4001.0,2005,2005.0,Feb,2,52.7845,20.5435,0
,Arizona,4.0,Apache,4001.0,2005,2005.0,Mar,3,67.191,25.611,0
,Arizona,4.0,Apache,4001.0,2005,2005.0,Apr,4,87.6797,31.3634,0
,Arizona,4.0,Apache,4001.0,2005,2005.0,May,5,101.1706,42.5699,0
,Arizona,4.0,Apache,4001.0,2005,2005.0,Jun,6,110.027,48.4205,0
,Arizona,4.0,Apache,4001.0,2005,2005.0,Jul,7,121.0813,57.5792,0
,Arizona,4.0,Apache,4001.0,2005,2005.0,Aug,8,102.4015,53.9883,1
,Arizona,4.0,Apache,4001.0,2005,2005.0,Sep,9,96.9388,48.7038,0
,Arizona,4.0,Apache,4001.0,2005,2005.0,Oct,10,81.9817,39.3872,1
,Arizona,4.0,Apache,4001.0,2005,2005.0,Nov,11,65.9798,25.7781,0
,Arizona,4.0,Apache,4001.0,2005,2005.0,Dec,12,54.6451,15.4895,0
,Arizona,4.0,Apache,4001.0,2006,2006.0,Jan,1,56.5096,17.5051,0
,Arizona,4.0,Apache,4001.0,2006,2006.0,Feb,2,66.5738,19.0955,0
,Arizona,4.0,Apache,4001.0,2006,2006.0,Mar,3,67.4793,24.4937,0
,Arizona,4.0,Apache,4001.0,2006,2006.0,Apr,4,92.1171,33.6678,0
,Arizona,4.0,Apache,4001.0,2006,2006.0,May,5,108.9546,43.8815,1
,Arizona,4.0,Apache,4001.0,2006,2006.0,Jun,6,119.0875,52.2966,0
,Arizona,4.0,Apache,4001.0,2006,2006.0,Jul,7,114.3554,57.47,1
,Arizona,4.0,Apache,4001.0,2006,2006.0,Aug,8,99.2274,54.1053,0
,Arizona,4.0,Apache,4001.0,2006,2006.0,Sep,9,91.5927,44.7892,0
,Arizona,4.0,Apache,4001.0,2006,2006.0,Oct,10,71.8406,36.074,0
,Arizona,4.0,Apache,4001.0,2006,2006.0,Nov,11,68.0782,27.8228,1
,Arizona,4.0,Apache,4001.0,2006,2006.0,Dec,12,49.1356,16.1596,1
,Arizona,4.0,Apache,4001.0,2007,2007.0,Jan,1,42.251,14.8221,0
,Arizona,4.0,Apache,4001.0,2007,2007.0,Feb,2,53.3569,21.3078,0
,Arizona,4.0,Apache,4001.0,2007,2007.0,Mar,3,80.0562,26.9835,0
,Arizona,4.0,Apache,4001.0,2007,2007.0,Apr,4,88.7836,33.7173,1
,Arizona,4.0,Apache,4001.0,2007,2007.0,May,5,101.4039,42.4465,0
,Arizona,4.0,Apache,4001.0,2007,2007.0,Jun,6,116.0695,51.1171,0
,Arizona,4.0,Apache,4001.0,2007,2007.0,Jul,7,116.9039,56.6207,0
,Arizona,4.0,Apache,4001.0,2007,2007.0,Aug,8,103.5927,58.2549,1
,Arizona,4.0,Apache,4001.0,2007,2007.0,Sep,9,96.7225,50.4604,3
,Arizona,4.0,Apache,4001.0,2007,2007.0,Oct,10,81.9913,38.228,0
,Arizona,4.0,Apache,4001.0,2007,2007.0,Nov,11,71.3135,29.8562,0
,Arizona,4.0,Apache,4001.0,2007,2007.0,Dec,12,41.7506,17.1268,0
,Arizona,4.0,Apache,4001.0,2008,2008.0,Jan,1,38.3549,10.2221,0
,Arizona,4.0,Apache,4001.0,2008,2008.0,Feb,2,50.2955,19.204,1
,Arizona,4.0,Apache,4001.0,2008,2008.0,Mar,3,75.3612,25.0739,2
,Arizona,4.0,Apache,4001.0,2008,2008.0,Apr,4,90.2411,30.2504,0
,Arizona,4.0,Apache,4001.0,2008,2008.0,May,5,100.9894,38.4691,0
,Arizona,4.0,Apache,4001.0,2008,2008.0,Jun,6,114.5036,50.6105,0
,Arizona,4.0,Apache,4001.0,2008,2008.0,Jul,7,110.9864,57.4077,0
,Arizona,4.0,Apache,4001.0,2008,2008.0,Aug,8,107.158,56.0002,1
,Arizona,4.0,Apache,4001.0,2008,2008.0,Sep,9,96.4349,49.0607,0
,Arizona,4.0,Apache,4001.0,2008,2008.0,Oct,10,82.9052,36.5056,1
,Arizona,4.0,Apache,4001.0,2008,2008.0,Nov,11,67.5277,27.3316,1
,Arizona,4.0,Apache,4001.0,2008,2008.0,Dec,12,45.8486,19.7624,1
,Arizona,4.0,Cochise,4003.0,2003,2003.0,Jan,1,78.1522,32.1801,1
,Arizona,4.0,Cochise,4003.0,2003,2003.0,Feb,2,75.3084,32.8721,2
,Arizona,4.0,Cochise,4003.0,2003,2003.0,Mar,3,91.7405,36.2721,0
,Arizona,4.0,Cochise,4003.0,2003,2003.0,Apr,4,103.2746,41.2633,0
,Arizona,4.0,Cochise,4003.0,2003,2003.0,May,5,115.961,52.0871,0
,Arizona,4.0,Cochise,4003.0,2003,2003.0,Jun,6,125.2012,61.0152,0
,Arizona,4.0,Cochise,4003.0,2003,2003.0,Jul,7,123.9276,65.6392,2
,Arizona,4.0,Cochise,4003.0,2003,2003.0,Aug,8,114.4583,63.9918,0
,Arizona,4.0,Cochise,4003.0,2003,2003.0,Sep,9,112.0894,61.2966,0
,Arizona,4.0,Cochise,4003.0,2003,2003.0,Oct,10,100.4444,53.2489,0
,Arizona,4.0,Cochise,4003.0,2003,2003.0,Nov,11,79.495,37.1195,0
,Arizona,4.0,Cochise,4003.0,2003,2003.0,Dec,12,69.5791,29.4994,0
,Arizona,4.0,Cochise,4003.0,2004,2004.0,Jan,1,65.9236,31.6967,0
,Arizona,4.0,Cochise,4003.0,2004,2004.0,Feb,2,74.2981,28.9039,0
,Arizona,4.0,Cochise,4003.0,2004,2004.0,Mar,3,93.0259,42.2306,0
,Arizona,4.0,Cochise,4003.0,2004,2004.0,Apr,4,98.6978,44.1548,1
,Arizona,4.0,Cochise,4003.0,2004,2004.0,May,5,115.0722,52.7855,2
,Arizona,4.0,Cochise,4003.0,2004,2004.0,Jun,6,124.2947,60.0967,0
,Arizona,4.0,Cochise,4003.0,2004,2004.0,Jul,7,119.3258,62.7455,0
,Arizona,4.0,Cochise,4003.0,2004,2004.0,Aug,8,110.8777,61.591,1
,Arizona,4.0,Cochise,4003.0,2004,2004.0,Sep,9,105.9959,58.1893,0
,Arizona,4.0,Cochise,4003.0,2004,2004.0,Oct,10,92.6506,48.8295,0
,Arizona,4.0,Cochise,4003.0,2004,2004.0,Nov,11,71.445,34.9381,0
,Arizona,4.0,Cochise,4003.0,2004,2004.0,Dec,12,65.9918,29.9826,0
,Arizona,4.0,Cochise,4003.0,2005,2005.0,Jan,1,65.7273,32.5778,0
,Arizona,4.0,Cochise,4003.0,2005,2005.0,Feb,2,66.2153,33.9312,1
,Arizona,4.0,Cochise,4003.0,2005,2005.0,Mar,3,85.3298,37.1582,0
,Arizona,4.0,Cochise,4003.0,2005,2005.0,Apr,4,100.3312,43.1327,1
,Arizona,4.0,Cochise,4003.0,2005,2005.0,May,5,115.2054,52.1377,1
,Arizona,4.0,Cochise,4003.0,2005,2005.0,Jun,6,122.5508,60.9627,2
,Arizona,4.0,Cochise,4003.0,2005,2005.0,Jul,7,125.8503,67.2156,0
,Arizona,4.0,Cochise,4003.0,2005,2005.0,Aug,8,106.515,63.9052,2
,Arizona,4.0,Cochise,4003.0,2005,2005.0,Sep,9,106.3892,60.1442,1
,Arizona,4.0,Cochise,4003.0,2005,2005.0,Oct,10,94.8983,50.3381,1
,Arizona,4.0,Cochise,4003.0,2005,2005.0,Nov,11,82.8929,38.6613,3
,Arizona,4.0,Cochise,4003.0,2005,2005.0,Dec,12,73.9134,31.3782,1
,Arizona,4.0,Cochise,4003.0,2006,2006.0,Jan,1,75.2431,29.7247,3
,Arizona,4.0,Cochise,4003.0,2006,2006.0,Feb,2,83.9955,33.3508,4
,Arizona,4.0,Cochise,4003.0,2006,2006.0,Mar,3,88.8816,35.1275,1
,Arizona,4.0,Cochise,4003.0,2006,2006.0,Apr,4,107.4927,44.316,1
,Arizona,4.0,Cochise,4003.0,2006,2006.0,May,5,119.286,54.6703,5
,Arizona,4.0,Cochise,4003.0,2006,2006.0,Jun,6,124.36,62.8354,3
,Arizona,4.0,Cochise,4003.0,2006,2006.0,Jul,7,119.0925,66.1497,0
,Arizona,4.0,Cochise,4003.0,2006,2006.0,Aug,8,100.1636,62.219,1
,Arizona,4.0,Cochise,4003.0,2006,2006.0,Sep,9,95.2407,57.1648,0
,Arizona,4.0,Cochise,4003.0,2006,2006.0,Oct,10,88.1068,47.5737,3
,Arizona,4.0,Cochise,4003.0,2006,2006.0,Nov,11,83.5722,39.9728,0
,Arizona,4.0,Cochise,4003.0,2006,2006.0,Dec,12,68.8205,29.4071,0
,Arizona,4.0,Cochise,4003.0,2007,2007.0,Jan,1,61.9774,28.1302,3
,Arizona,4.0,Cochise,4003.0,2007,2007.0,Feb,2,78.5422,32.0936,3
,Arizona,4.0,Cochise,4003.0,2007,2007.0,Mar,3,94.7129,38.1234,3
,Arizona,4.0,Cochise,4003.0,2007,2007.0,Apr,4,100.4671,44.1404,2
,Arizona,4.0,Cochise,4003.0,2007,2007.0,May,5,113.893,54.0064,3
,Arizona,4.0,Cochise,4003.0,2007,2007.0,Jun,6,122.9333,61.8246,2
,Arizona,4.0,Cochise,4003.0,2007,2007.0,Jul,7,117.3354,64.402,3
,Arizona,4.0,Cochise,4003.0,2007,2007.0,Aug,8,105.5895,66.1745,1
,Arizona,4.0,Cochise,4003.0,2007,2007.0,Sep,9,103.222,60.8202,1
,Arizona,4.0,Cochise,4003.0,2007,2007.0,Oct,10,95.6522,49.5713,3
,Arizona,4.0,Cochise,4003.0,2007,2007.0,Nov,11,87.0543,43.5589,4
,Arizona,4.0,Cochise,4003.0,2007,2007.0,Dec,12,63.4336,29.92,4
,Arizona,4.0,Cochise,4003.0,2008,2008.0,Jan,1,66.6789,27.4554,2
,Arizona,4.0,Cochise,4003.0,2008,2008.0,Feb,2,80.7715,32.4777,1
,Arizona,4.0,Cochise,4003.0,2008,2008.0,Mar,3,95.0348,36.0337,1
,Arizona,4.0,Cochise,4003.0,2008,2008.0,Apr,4,106.6121,42.3026,1
,Arizona,4.0,Cochise,4003.0,2008,2008.0,May,5,113.8624,49.8049,1
,Arizona,4.0,Cochise,4003.0,2008,2008.0,Jun,6,125.9362,61.9569,3
,Arizona,4.0,Cochise,4003.0,2008,2008.0,Jul,7,109.314,64.2199,1
,Arizona,4.0,Cochise,4003.0,2008,2008.0,Aug,8,101.0442,63.8762,1
,Arizona,4.0,Cochise,4003.0,2008,2008.0,Sep,9,100.1156,59.7874,1
,Arizona,4.0,Cochise,4003.0,2008,2008.0,Oct,10,96.0295,49.0466,2
,Arizona,4.0,Cochise,4003.0,2008,2008.0,Nov,11,80.3845,39.5511,1
,Arizona,4.0,Cochise,4003.0,2008,2008.0,Dec,12,67.1113,32.9229,2
,Arizona,4.0,Coconino,4005.0,2003,2003.0,Jan,1,58.0825,25.7274,1
,Arizona,4.0,Coconino,4005.0,2003,2003.0,Feb,2,59.5374,20.0462,0
,Arizona,4.0,Coconino,4005.0,2003,2003.0,Mar,3,75.3484,28.4476,1
,Arizona,4.0,Coconino,4005.0,2003,2003.0,Apr,4,85.459,33.0951,0
,Arizona,4.0,Coconino,4005.0,2003,2003.0,May,5,103.0509,44.3062,1
,Arizona,4.0,Coconino,4005.0,2003,2003.0,Jun,6,115.741,53.4845,0
,Arizona,4.0,Coconino,4005.0,2003,2003.0,Jul,7,121.5668,60.192,2
,Arizona,4.0,Coconino,4005.0,2003,2003.0,Aug,8,107.7355,59.4649,1
,Arizona,4.0,Coconino,4005.0,2003,2003.0,Sep,9,101.0798,51.6648,1
,Arizona,4.0,Coconino,4005.0,2003,2003.0,Oct,10,88.8775,44.5622,1
,Arizona,4.0,Coconino,4005.0,2003,2003.0,Nov,11,57.7728,27.1177,1
,Arizona,4.0,Coconino,4005.0,2003,2003.0,Dec,12,49.2234,20.3469,2
,Arizona,4.0,Coconino,4005.0,2004,2004.0,Jan,1,50.9164,19.5674,0
,Arizona,4.0,Coconino,4005.0,2004,2004.0,Feb,2,53.1138,17.5473,0
,Arizona,4.0,Coconino,4005.0,2004,2004.0,Mar,3,85.1217,33.7384,0
,Arizona,4.0,Coconino,4005.0,2004,2004.0,Apr,4,87.1815,36.8415,0
,Arizona,4.0,Coconino,4005.0,2004,2004.0,May,5,103.6143,44.5073,1
,Arizona,4.0,Coconino,4005.0,2004,2004.0,Jun,6,116.7243,52.9498,1
,Arizona,4.0,Coconino,4005.0,2004,2004.0,Jul,7,115.8166,57.5958,1
,Arizona,4.0,Coconino,4005.0,2004,2004.0,Aug,8,106.2308,56.2328,1
,Arizona,4.0,Coconino,4005.0,2004,2004.0,Sep,9,99.4488,50.4444,0
,Arizona,4.0,Coconino,4005.0,2004,2004.0,Oct,10,77.4938,40.0503,1
,Arizona,4.0,Coconino,4005.0,2004,2004.0,Nov,11,54.9158,27.939,1
,Arizona,4.0,Coconino,4005.0,2004,2004.0,Dec,12,49.4098,21.9919,1
,Arizona,4.0,Coconino,4005.0,2005,2005.0,Jan,1,50.9087,24.9441,2
,Arizona,4.0,Coconino,4005.0,2005,2005.0,Feb,2,54.0317,23.9579,0
,Arizona,4.0,Coconino,4005.0,2005,2005.0,Mar,3,68.7057,28.455,1
,Arizona,4.0,Coconino,4005.0,2005,2005.0,Apr,4,85.5426,33.7284,1
,Arizona,4.0,Coconino,4005.0,2005,2005.0,May,5,100.0693,45.1854,1
,Arizona,4.0,Coconino,4005.0,2005,2005.0,Jun,6,107.1958,50.9027,1
,Arizona,4.0,Coconino,4005.0,2005,2005.0,Jul,7,120.1136,59.8419,2
,Arizona,4.0,Coconino,4005.0,2005,2005.0,Aug,8,101.0555,56.9545,0
,Arizona,4.0,Coconino,4005.0,2005,2005.0,Sep,9,98.5525,51.1879,0
,Arizona,4.0,Coconino,4005.0,2005,2005.0,Oct,10,82.3745,41.796,1
,Arizona,4.0,Coconino,4005.0,2005,2005.0,Nov,11,64.3964,28.7068,0
,Arizona,4.0,Coconino,4005.0,2005,2005.0,Dec,12,54.4557,18.8511,1
,Arizona,4.0,Coconino,4005.0,2006,2006.0,Jan,1,56.5098,19.8445,1
,Arizona,4.0,Coconino,4005.0,2006,2006.0,Feb,2,66.2809,21.604,0
,Arizona,4.0,Coconino,4005.0,2006,2006.0,Mar,3,67.0637,26.5008,0
,Arizona,4.0,Coconino,4005.0,2006,2006.0,Apr,4,88.6458,36.1678,1
,Arizona,4.0,Coconino,4005.0,2006,2006.0,May,5,107.3052,46.3051,0
,Arizona,4.0,Coconino,4005.0,2006,2006.0,Jun,6,117.8702,55.0227,0
,Arizona,4.0,Coconino,4005.0,2006,2006.0,Jul,7,114.2986,59.9725,1
,Arizona,4.0,Coconino,4005.0,2006,2006.0,Aug,8,103.5562,57.7249,2
,Arizona,4.0,Coconino,4005.0,2006,2006.0,Sep,9,93.6412,47.9703,1
,Arizona,4.0,Coconino,4005.0,2006,2006.0,Oct,10,73.6826,37.2772,0
,Arizona,4.0,Coconino,4005.0,2006,2006.0,Nov,11,66.6132,29.9833,1
,Arizona,4.0,Coconino,4005.0,2006,2006.0,Dec,12,51.615,18.584,4
,Arizona,4.0,Coconino,4005.0,2007,2007.0,Jan,1,46.513,17.1638,0
,Arizona,4.0,Coconino,4005.0,2007,2007.0,Feb,2,59.4219,23.959,3
,Arizona,4.0,Coconino,4005.0,2007,2007.0,Mar,3,80.6687,30.1774,1
,Arizona,4.0,Coconino,4005.0,2007,2007.0,Apr,4,90.2197,36.1536,1
,Arizona,4.0,Coconino,4005.0,2007,2007.0,May,5,104.7712,45.4506,1
,Arizona,4.0,Coconino,4005.0,2007,2007.0,Jun,6,117.8913,53.1849,0
,Arizona,4.0,Coconino,4005.0,2007,2007.0,Jul,7,118.4813,60.4375,0
,Arizona,4.0,Coconino,4005.0,2007,2007.0,Aug,8,108.1623,60.2763,3
,Arizona,4.0,Coconino,4005.0,2007,2007.0,Sep,9,98.7276,53.0475,0
,Arizona,4.0,Coconino,4005.0,2007,2007.0,Oct,10,82.2081,40.015,2
,Arizona,4.0,Coconino,4005.0,2007,2007.0,Nov,11,71.4524,31.7865,1
,Arizona,4.0,Coconino,4005.0,2007,2007.0,Dec,12,43.9251,19.7632,1
,Arizona,4.0,Coconino,4005.0,2008,2008.0,Jan,1,41.4,15.826,0
,Arizona,4.0,Coconino,4005.0,2008,2008.0,Feb,2,53.1981,22.3514,0
,Arizona,4.0,Coconino,4005.0,2008,2008.0,Mar,3,75.4163,28.3253,0
,Arizona,4.0,Coconino,4005.0,2008,2008.0,Apr,4,90.3238,33.3123,1
,Arizona,4.0,Coconino,4005.0,2008,2008.0,May,5,100.8498,40.6673,0
,Arizona,4.0,Coconino,4005.0,2008,2008.0,Jun,6,115.536,52.534,1
,Arizona,4.0,Coconino,4005.0,2008,2008.0,Jul,7,114.808,60.0568,1
,Arizona,4.0,Coconino,4005.0,2008,2008.0,Aug,8,108.5516,59.013,3
,Arizona,4.0,Coconino,4005.0,2008,2008.0,Sep,9,100.2904,51.6942,0
,Arizona,4.0,Coconino,4005.0,2008,2008.0,Oct,10,85.137,39.3344,0
,Arizona,4.0,Coconino,4005.0,2008,2008.0,Nov,11,68.3851,30.1084,0
,Arizona,4.0,Coconino,4005.0,2008,2008.0,Dec,12,46.0577,20.4242,0
,Arizona,4.0,Gila,4007.0,2003,2003.0,Jan,1,66.1018,36.1725,1
,Arizona,4.0,Gila,4007.0,2003,2003.0,Feb,2,64.8351,33.7494,0
,Arizona,4.0,Gila,4007.0,2003,2003.0,Mar,3,73.8457,38.8361,0
,Arizona,4.0,Gila,4007.0,2003,2003.0,Apr,4,86.6929,42.3343,0
,Arizona,4.0,Gila,4007.0,2003,2003.0,May,5,100.9056,53.3952,1
,Arizona,4.0,Gila,4007.0,2003,2003.0,Jun,6,112.5688,62.3756,1
,Arizona,4.0,Gila,4007.0,2003,2003.0,Jul,7,114.8174,68.1839,0
,Arizona,4.0,Gila,4007.0,2003,2003.0,Aug,8,107.5263,65.8759,1
,Arizona,4.0,Gila,4007.0,2003,2003.0,Sep,9,99.5878,61.3469,1
,Arizona,4.0,Gila,4007.0,2003,2003.0,Oct,10,91.1361,54.999,1
,Arizona,4.0,Gila,4007.0,2003,2003.0,Nov,11,65.2969,36.8943,1
,Arizona,4.0,Gila,4007.0,2003,2003.0,Dec,12,57.3904,32.4827,0
,Arizona,4.0,Gila,4007.0,2004,2004.0,Jan,1,57.9907,32.3345,0
,Arizona,4.0,Gila,4007.0,2004,2004.0,Feb,2,60.7637,31.1964,1
,Arizona,4.0,Gila,4007.0,2004,2004.0,Mar,3,82.5009,44.606,0
,Arizona,4.0,Gila,4007.0,2004,2004.0,Apr,4,87.7356,45.6573,1
,Arizona,4.0,Gila,4007.0,2004,2004.0,May,5,105.1068,54.3034,1
,Arizona,4.0,Gila,4007.0,2004,2004.0,Jun,6,114.4015,61.4019,2
,Arizona,4.0,Gila,4007.0,2004,2004.0,Jul,7,110.8661,64.2272,0
,Arizona,4.0,Gila,4007.0,2004,2004.0,Aug,8,106.0561,63.1937,1
,Arizona,4.0,Gila,4007.0,2004,2004.0,Sep,9,99.9091,59.3207,0
,Arizona,4.0,Gila,4007.0,2004,2004.0,Oct,10,83.2162,49.3509,2
,Arizona,4.0,Gila,4007.0,2004,2004.0,Nov,11,62.5471,36.6815,1
,Arizona,4.0,Gila,4007.0,2004,2004.0,Dec,12,58.7902,32.7156,0
,Arizona,4.0,Gila,4007.0,2005,2005.0,Jan,1,59.0704,34.6041,1
,Arizona,4.0,Gila,4007.0,2005,2005.0,Feb,2,58.035,33.7325,0
,Arizona,4.0,Gila,4007.0,2005,2005.0,Mar,3,71.1759,38.4547,0
,Arizona,4.0,Gila,4007.0,2005,2005.0,Apr,4,86.8762,44.0779,0
,Arizona,4.0,Gila,4007.0,2005,2005.0,May,5,99.8983,53.6845,0
,Arizona,4.0,Gila,4007.0,2005,2005.0,Jun,6,109.5035,61.1904,1
,Arizona,4.0,Gila,4007.0,2005,2005.0,Jul,7,115.5008,67.5585,1
,Arizona,4.0,Gila,4007.0,2005,2005.0,Aug,8,100.7317,64.9442,0
,Arizona,4.0,Gila,4007.0,2005,2005.0,Sep,9,98.6138,60.2803,3
,Arizona,4.0,Gila,4007.0,2005,2005.0,Oct,10,85.8968,52.0096,0
,Arizona,4.0,Gila,4007.0,2005,2005.0,Nov,11,72.2523,41.1938,0
,Arizona,4.0,Gila,4007.0,2005,2005.0,Dec,12,62.691,33.3396,0
,Arizona,4.0,Gila,4007.0,2006,2006.0,Jan,1,64.2431,32.7984,0
,Arizona,4.0,Gila,4007.0,2006,2006.0,Feb,2,72.1471,35.1752,1
,Arizona,4.0,Gila,4007.0,2006,2006.0,Mar,3,70.4879,36.8811,2
,Arizona,4.0,Gila,4007.0,2006,2006.0,Apr,4,90.414,44.4896,3
,Arizona,4.0,Gila,4007.0,2006,2006.0,May,5,106.4866,55.7892,1
,Arizona,4.0,Gila,4007.0,2006,2006.0,Jun,6,115.2328,63.7017,2
,Arizona,4.0,Gila,4007.0,2006,2006.0,Jul,7,111.6907,68.4964,1
,Arizona,4.0,Gila,4007.0,2006,2006.0,Aug,8,97.0455,63.8831,0
,Arizona,4.0,Gila,4007.0,2006,2006.0,Sep,9,91.9953,57.4217,0
,Arizona,4.0,Gila,4007.0,2006,2006.0,Oct,10,79.9736,47.6638,1
,Arizona,4.0,Gila,4007.0,2006,2006.0,Nov,11,73.7747,41.4102,3
,Arizona,4.0,Gila,4007.0,2006,2006.0,Dec,12,59.4608,31.459,1
,Arizona,4.0,Gila,4007.0,2007,2007.0,Jan,1,53.9079,29.913,1
,Arizona,4.0,Gila,4007.0,2007,2007.0,Feb,2,64.0373,33.9178,3
,Arizona,4.0,Gila,4007.0,2007,2007.0,Mar,3,81.8398,40.6071,1
,Arizona,4.0,Gila,4007.0,2007,2007.0,Apr,4,90.0352,44.6313,0
,Arizona,4.0,Gila,4007.0,2007,2007.0,May,5,102.9813,54.3606,1
,Arizona,4.0,Gila,4007.0,2007,2007.0,Jun,6,114.3063,62.4362,1
,Arizona,4.0,Gila,4007.0,2007,2007.0,Jul,7,112.376,66.5871,2
,Arizona,4.0,Gila,4007.0,2007,2007.0,Aug,8,103.9157,67.4598,0
,Arizona,4.0,Gila,4007.0,2007,2007.0,Sep,9,99.0196,60.5136,1
,Arizona,4.0,Gila,4007.0,2007,2007.0,Oct,10,86.6911,50.8724,1
,Arizona,4.0,Gila,4007.0,2007,2007.0,Nov,11,77.487,44.7326,4
,Arizona,4.0,Gila,4007.0,2007,2007.0,Dec,12,53.7393,31.7217,0
,Arizona,4.0,Gila,4007.0,2008,2008.0,Jan,1,53.43,28.9083,1
,Arizona,4.0,Gila,4007.0,2008,2008.0,Feb,2,62.8872,33.6333,0
,Arizona,4.0,Gila,4007.0,2008,2008.0,Mar,3,79.2333,38.1125,2
,Arizona,4.0,Gila,4007.0,2008,2008.0,Apr,4,91.6019,44.0775,2
,Arizona,4.0,Gila,4007.0,2008,2008.0,May,5,99.652,50.2549,3
,Arizona,4.0,Gila,4007.0,2008,2008.0,Jun,6,112.1797,62.4422,1
,Arizona,4.0,Gila,4007.0,2008,2008.0,Jul,7,104.9755,65.197,2
,Arizona,4.0,Gila,4007.0,2008,2008.0,Aug,8,99.7545,64.8397,1
,Arizona,4.0,Gila,4007.0,2008,2008.0,Sep,9,95.5958,60.9272,1
,Arizona,4.0,Gila,4007.0,2008,2008.0,Oct,10,86.6357,50.658,0
,Arizona,4.0,Gila,4007.0,2008,2008.0,Nov,11,72.835,42.1048,2
,Arizona,4.0,Gila,4007.0,2008,2008.0,Dec,12,56.6132,33.9403,1
,Arizona,4.0,Graham,4009.0,2003,2003.0,Jan,1,72.2923,33.8241,0
,Arizona,4.0,Graham,4009.0,2003,2003.0,Feb,2,72.4449,33.3989,0
,Arizona,4.0,Graham,4009.0,2003,2003.0,Mar,3,83.2193,37.5955,0
,Arizona,4.0,Graham,4009.0,2003,2003.0,Apr,4,98.1686,42.6916,0
,Arizona,4.0,Graham,4009.0,2003,2003.0,May,5,112.0689,53.2582,0
,Arizona,4.0,Graham,4009.0,2003,2003.0,Jun,6,122.0225,62.4342,0
,Arizona,4.0,Graham,4009.0,2003,2003.0,Jul,7,123.2165,67.9594,1
,Arizona,4.0,Graham,4009.0,2003,2003.0,Aug,8,115.9372,66.3133,1
,Arizona,4.0,Graham,4009.0,2003,2003.0,Sep,9,110.3719,62.2575,0
,Arizona,4.0,Graham,4009.0,2003,2003.0,Oct,10,98.6815,54.3892,3
,Arizona,4.0,Graham,4009.0,2003,2003.0,Nov,11,75.2535,37.0409,0
,Arizona,4.0,Graham,4009.0,2003,2003.0,Dec,12,64.167,30.0024,1
,Arizona,4.0,Graham,4009.0,2004,2004.0,Jan,1,62.6102,31.369,0
,Arizona,4.0,Graham,4009.0,2004,2004.0,Feb,2,69.0152,29.801,0
,Arizona,4.0,Graham,4009.0,2004,2004.0,Mar,3,88.3863,43.3015,1
,Arizona,4.0,Graham,4009.0,2004,2004.0,Apr,4,94.8092,45.2332,0
,Arizona,4.0,Graham,4009.0,2004,2004.0,May,5,113.2799,54.6684,1
,Arizona,4.0,Graham,4009.0,2004,2004.0,Jun,6,122.9336,62.0295,4
,Arizona,4.0,Graham,4009.0,2004,2004.0,Jul,7,119.194,64.5957,1
,Arizona,4.0,Graham,4009.0,2004,2004.0,Aug,8,112.1369,63.7425,6
,Arizona,4.0,Graham,4009.0,2004,2004.0,Sep,9,106.106,58.9897,1
,Arizona,4.0,Graham,4009.0,2004,2004.0,Oct,10,90.5568,49.1103,2
,Arizona,4.0,Graham,4009.0,2004,2004.0,Nov,11,67.8387,35.6548,2
,Arizona,4.0,Graham,4009.0,2004,2004.0,Dec,12,62.8946,30.3585,0
,Arizona,4.0,Graham,4009.0,2005,2005.0,Jan,1,63.0636,32.864,1
,Arizona,4.0,Graham,4009.0,2005,2005.0,Feb,2,62.6655,34.5356,1
,Arizona,4.0,Graham,4009.0,2005,2005.0,Mar,3,78.1846,37.8103,1
,Arizona,4.0,Graham,4009.0,2005,2005.0,Apr,4,96.8244,44.4603,0
,Arizona,4.0,Graham,4009.0,2005,2005.0,May,5,112.8568,54.0459,0
,Arizona,4.0,Graham,4009.0,2005,2005.0,Jun,6,119.8966,62.8788,2
,Arizona,4.0,Graham,4009.0,2005,2005.0,Jul,7,124.3593,68.5965,1
,Arizona,4.0,Graham,4009.0,2005,2005.0,Aug,8,110.7472,65.3768,2
,Arizona,4.0,Graham,4009.0,2005,2005.0,Sep,9,106.7983,61.193,3
,Arizona,4.0,Graham,4009.0,2005,2005.0,Oct,10,93.654,51.8846,4
,Arizona,4.0,Graham,4009.0,2005,2005.0,Nov,11,79.9719,39.636,1
,Arizona,4.0,Graham,4009.0,2005,2005.0,Dec,12,69.7524,31.4181,0
,Arizona,4.0,Graham,4009.0,2006,2006.0,Jan,1,70.9115,31.1253,3
,Arizona,4.0,Graham,4009.0,2006,2006.0,Feb,2,81.4803,34.3418,2
,Arizona,4.0,Graham,4009.0,2006,2006.0,Mar,3,84.0341,36.0543,2
,Arizona,4.0,Graham,4009.0,2006,2006.0,Apr,4,103.678,45.3811,2
,Arizona,4.0,Graham,4009.0,2006,2006.0,May,5,117.0999,56.0947,0
,Arizona,4.0,Graham,4009.0,2006,2006.0,Jun,6,124.1744,64.6256,0
,Arizona,4.0,Graham,4009.0,2006,2006.0,Jul,7,119.0035,68.1702,1
,Arizona,4.0,Graham,4009.0,2006,2006.0,Aug,8,100.4226,63.46,0
,Arizona,4.0,Graham,4009.0,2006,2006.0,Sep,9,97.7527,57.6573,0
,Arizona,4.0,Graham,4009.0,2006,2006.0,Oct,10,86.0827,48.0744,1
,Arizona,4.0,Graham,4009.0,2006,2006.0,Nov,11,80.7194,40.6346,2
,Arizona,4.0,Graham,4009.0,2006,2006.0,Dec,12,64.3181,29.6528,2
,Arizona,4.0,Graham,4009.0,2007,2007.0,Jan,1,57.7343,28.0527,2
,Arizona,4.0,Graham,4009.0,2007,2007.0,Feb,2,71.3263,32.9617,7
,Arizona,4.0,Graham,4009.0,2007,2007.0,Mar,3,88.8723,39.5824,3
,Arizona,4.0,Graham,4009.0,2007,2007.0,Apr,4,96.2246,45.1182,1
,Arizona,4.0,Graham,4009.0,2007,2007.0,May,5,110.8105,54.9712,1
,Arizona,4.0,Graham,4009.0,2007,2007.0,Jun,6,120.5711,63.3322,1
,Arizona,4.0,Graham,4009.0,2007,2007.0,Jul,7,116.6064,66.3393,1
,Arizona,4.0,Graham,4009.0,2007,2007.0,Aug,8,107.3599,67.92,0
,Arizona,4.0,Graham,4009.0,2007,2007.0,Sep,9,104.4308,61.389,2
,Arizona,4.0,Graham,4009.0,2007,2007.0,Oct,10,92.7743,50.6707,2
,Arizona,4.0,Graham,4009.0,2007,2007.0,Nov,11,82.4927,44.1883,0
,Arizona,4.0,Graham,4009.0,2007,2007.0,Dec,12,59.2796,30.3569,4
,Arizona,4.0,Graham,4009.0,2008,2008.0,Jan,1,60.4503,27.8122,3
,Arizona,4.0,Graham,4009.0,2008,2008.0,Feb,2,72.1131,33.1737,0
,Arizona,4.0,Graham,4009.0,2008,2008.0,Mar,3,88.975,37.419,0
,Arizona,4.0,Graham,4009.0,2008,2008.0,Apr,4,101.0194,43.7104,0
,Arizona,4.0,Graham,4009.0,2008,2008.0,May,5,110.6406,50.6409,1
,Arizona,4.0,Graham,4009.0,2008,2008.0,Jun,6,121.8003,62.9151,0
,Arizona,4.0,Graham,4009.0,2008,2008.0,Jul,7,110.6586,65.4471,1
,Arizona,4.0,Graham,4009.0,2008,2008.0,Aug,8,106.2081,65.134,2
,Arizona,4.0,Graham,4009.0,2008,2008.0,Sep,9,100.2958,60.6153,1
,Arizona,4.0,Graham,4009.0,2008,2008.0,Oct,10,92.8303,49.9861,0
,Arizona,4.0,Graham,4009.0,2008,2008.0,Nov,11,77.4001,40.3438,2
,Arizona,4.0,Graham,4009.0,2008,2008.0,Dec,12,62.382,32.8118,2
,Arizona,4.0,Greenlee,4011.0,2003,2003.0,Jan,1,66.1638,31.7193,0
,Arizona,4.0,Greenlee,4011.0,2003,2003.0,Feb,2,65.4557,30.0395,0
,Arizona,4.0,Greenlee,4011.0,2003,2003.0,Mar,3,75.9575,34.0991,0
,Arizona,4.0,Greenlee,4011.0,2003,2003.0,Apr,4,90.6276,39.5284,0
,Arizona,4.0,Greenlee,4011.0,2003,2003.0,May,5,104.4494,50.5468,0
,Arizona,4.0,Greenlee,4011.0,2003,2003.0,Jun,6,113.7914,59.371,0
,Arizona,4.0,Greenlee,4011.0,2003,2003.0,Jul,7,117.002,65.0964,0
,Arizona,4.0,Greenlee,4011.0,2003,2003.0,Aug,8,108.0512,61.2243,0
,Arizona,4.0,Greenlee,4011.0,2003,2003.0,Sep,9,101.67,58.5715,0
,Arizona,4.0,Greenlee,4011.0,2003,2003.0,Oct,10,91.111,51.0504,0
,Arizona,4.0,Greenlee,4011.0,2003,2003.0,Nov,11,68.5339,34.7887,0
,Arizona,4.0,Greenlee,4011.0,2003,2003.0,Dec,12,59.277,27.4914,0
,Arizona,4.0,Greenlee,4011.0,2004,2004.0,Jan,1,56.953,28.0255,0
,Arizona,4.0,Greenlee,4011.0,2004,2004.0,Feb,2,61.3161,26.121,0
,Arizona,4.0,Greenlee,4011.0,2004,2004.0,Mar,3,81.9915,39.6093,0
,Arizona,4.0,Greenlee,4011.0,2004,2004.0,Apr,4,86.9617,41.2073,0
,Arizona,4.0,Greenlee,4011.0,2004,2004.0,May,5,103.7711,51.5556,0
,Arizona,4.0,Greenlee,4011.0,2004,2004.0,Jun,6,114.6191,58.7801,0
,Arizona,4.0,Greenlee,4011.0,2004,2004.0,Jul,7,111.426,61.3415,0
,Arizona,4.0,Greenlee,4011.0,2004,2004.0,Aug,8,101.6442,58.9558,0
,Arizona,4.0,Greenlee,4011.0,2004,2004.0,Sep,9,97.0495,55.4684,0
,Arizona,4.0,Greenlee,4011.0,2004,2004.0,Oct,10,80.9752,45.7725,0
,Arizona,4.0,Greenlee,4011.0,2004,2004.0,Nov,11,62.0063,32.5621,0
,Arizona,4.0,Greenlee,4011.0,2004,2004.0,Dec,12,57.431,27.4399,0
,Arizona,4.0,Greenlee,4011.0,2005,2005.0,Jan,1,58.3029,28.9948,0
,Arizona,4.0,Greenlee,4011.0,2005,2005.0,Feb,2,57.0793,28.4041,0
,Arizona,4.0,Greenlee,4011.0,2005,2005.0,Mar,3,71.5641,34.766,0
,Arizona,4.0,Greenlee,4011.0,2005,2005.0,Apr,4,89.9612,41.2329,0
,Arizona,4.0,Greenlee,4011.0,2005,2005.0,May,5,104.5349,50.8163,0
,Arizona,4.0,Greenlee,4011.0,2005,2005.0,Jun,6,111.3382,59.63,1
,Arizona,4.0,Greenlee,4011.0,2005,2005.0,Jul,7,115.3732,64.2297,0
,Arizona,4.0,Greenlee,4011.0,2005,2005.0,Aug,8,101.999,60.3279,0
,Arizona,4.0,Greenlee,4011.0,2005,2005.0,Sep,9,97.502,57.9123,0
,Arizona,4.0,Greenlee,4011.0,2005,2005.0,Oct,10,85.0431,48.0402,0
,Arizona,4.0,Greenlee,4011.0,2005,2005.0,Nov,11,73.6091,37.2473,0
,Arizona,4.0,Greenlee,4011.0,2005,2005.0,Dec,12,63.6857,29.7794,0
,Arizona,4.0,Greenlee,4011.0,2006,2006.0,Jan,1,64.8991,28.1989,0
,Arizona,4.0,Greenlee,4011.0,2006,2006.0,Feb,2,73.764,31.4364,0
,Arizona,4.0,Greenlee,4011.0,2006,2006.0,Mar,3,76.8908,33.6848,0
,Arizona,4.0,Greenlee,4011.0,2006,2006.0,Apr,4,94.466,42.9737,1
,Arizona,4.0,Greenlee,4011.0,2006,2006.0,May,5,108.0242,53.7458,0
,Arizona,4.0,Greenlee,4011.0,2006,2006.0,Jun,6,116.1445,61.0041,0
,Arizona,4.0,Greenlee,4011.0,2006,2006.0,Jul,7,107.6171,62.9656,0
,Arizona,4.0,Greenlee,4011.0,2006,2006.0,Aug,8,92.9682,58.6269,0
,Arizona,4.0,Greenlee,4011.0,2006,2006.0,Sep,9,88.4563,53.7917,0
,Arizona,4.0,Greenlee,4011.0,2006,2006.0,Oct,10,78.6479,44.9236,0
,Arizona,4.0,Greenlee,4011.0,2006,2006.0,Nov,11,73.6453,37.9312,0
,Arizona,4.0,Greenlee,4011.0,2006,2006.0,Dec,12,58.7849,27.3857,1
,Arizona,4.0,Greenlee,4011.0,2007,2007.0,Jan,1,52.9747,24.8261,0
,Arizona,4.0,Greenlee,4011.0,2007,2007.0,Feb,2,64.7505,30.0219,0
,Arizona,4.0,Greenlee,4011.0,2007,2007.0,Mar,3,81.2919,36.1795,0
,Arizona,4.0,Greenlee,4011.0,2007,2007.0,Apr,4,88.48,41.8372,0
,Arizona,4.0,Greenlee,4011.0,2007,2007.0,May,5,100.4001,50.9105,0
,Arizona,4.0,Greenlee,4011.0,2007,2007.0,Jun,6,111.4865,60.5282,0
,Arizona,4.0,Greenlee,4011.0,2007,2007.0,Jul,7,106.6871,61.5846,0
,Arizona,4.0,Greenlee,4011.0,2007,2007.0,Aug,8,100.7724,63.206,1
,Arizona,4.0,Greenlee,4011.0,2007,2007.0,Sep,9,95.5162,57.0404,1
,Arizona,4.0,Greenlee,4011.0,2007,2007.0,Oct,10,86.2354,47.6948,0
,Arizona,4.0,Greenlee,4011.0,2007,2007.0,Nov,11,75.7767,41.3246,0
,Arizona,4.0,Greenlee,4011.0,2007,2007.0,Dec,12,54.5125,26.6047,0
,Arizona,4.0,Greenlee,4011.0,2008,2008.0,Jan,1,54.2602,22.993,0
,Arizona,4.0,Greenlee,4011.0,2008,2008.0,Feb,2,66.2746,30.0022,0
,Arizona,4.0,Greenlee,4011.0,2008,2008.0,Mar,3,81.8278,34.8791,1
,Arizona,4.0,Greenlee,4011.0,2008,2008.0,Apr,4,93.1419,40.451,0
,Arizona,4.0,Greenlee,4011.0,2008,2008.0,May,5,103.0054,48.0886,0
,Arizona,4.0,Greenlee,4011.0,2008,2008.0,Jun,6,113.721,60.1516,0
,Arizona,4.0,Greenlee,4011.0,2008,2008.0,Jul,7,102.8053,59.984,0
,Arizona,4.0,Greenlee,4011.0,2008,2008.0,Aug,8,98.3303,60.391,0
,Arizona,4.0,Greenlee,4011.0,2008,2008.0,Sep,9,91.9456,55.7282,0
,Arizona,4.0,Greenlee,4011.0,2008,2008.0,Oct,10,85.6153,46.5935,0
,Arizona,4.0,Greenlee,4011.0,2008,2008.0,Nov,11,71.6747,37.0487,0
,Arizona,4.0,Greenlee,4011.0,2008,2008.0,Dec,12,57.5044,29.7038,0
,Arizona,4.0,La Paz,4012.0,2003,2003.0,Jan,1,78.5042,41.9386,3
,Arizona,4.0,La Paz,4012.0,2003,2003.0,Feb,2,77.8447,38.9495,0
,Arizona,4.0,La Paz,4012.0,2003,2003.0,Mar,3,94.8404,45.819,0
,Arizona,4.0,La Paz,4012.0,2003,2003.0,Apr,4,105.0373,49.9619,1
,Arizona,4.0,La Paz,4012.0,2003,2003.0,May,5,121.0112,61.1249,0
,Arizona,4.0,La Paz,4012.0,2003,2003.0,Jun,6,131.4881,70.2802,0
,Arizona,4.0,La Paz,4012.0,2003,2003.0,Jul,7,132.9635,78.7897,0
,Arizona,4.0,La Paz,4012.0,2003,2003.0,Aug,8,125.4911,77.9976,0
,Arizona,4.0,La Paz,4012.0,2003,2003.0,Sep,9,121.6982,72.507,1
,Arizona,4.0,La Paz,4012.0,2003,2003.0,Oct,10,110.9945,63.6981,0
,Arizona,4.0,La Paz,4012.0,2003,2003.0,Nov,11,78.5941,41.1445,1
,Arizona,4.0,La Paz,4012.0,2003,2003.0,Dec,12,70.968,35.7088,0
,Arizona,4.0,La Paz,4012.0,2004,2004.0,Jan,1,73.568,36.8525,2
,Arizona,4.0,La Paz,4012.0,2004,2004.0,Feb,2,78.1244,35.4537,0
,Arizona,4.0,La Paz,4012.0,2004,2004.0,Mar,3,104.0618,53.012,0
,Arizona,4.0,La Paz,4012.0,2004,2004.0,Apr,4,109.103,55.1366,0
,Arizona,4.0,La Paz,4012.0,2004,2004.0,May,5,123.1429,62.0894,0
,Arizona,4.0,La Paz,4012.0,2004,2004.0,Jun,6,130.9556,69.8896,1
,Arizona,4.0,La Paz,4012.0,2004,2004.0,Jul,7,131.1409,76.4805,1
,Arizona,4.0,La Paz,4012.0,2004,2004.0,Aug,8,127.1078,75.7888,0
,Arizona,4.0,La Paz,4012.0,2004,2004.0,Sep,9,118.8265,68.2717,1
,Arizona,4.0,La Paz,4012.0,2004,2004.0,Oct,10,100.8807,56.2904,1
,Arizona,4.0,La Paz,4012.0,2004,2004.0,Nov,11,73.4815,43.2627,1
,Arizona,4.0,La Paz,4012.0,2004,2004.0,Dec,12,67.6382,37.4926,0
,Arizona,4.0,La Paz,4012.0,2005,2005.0,Jan,1,68.3769,40.0732,0
,Arizona,4.0,La Paz,4012.0,2005,2005.0,Feb,2,71.4044,42.3111,1
,Arizona,4.0,La Paz,4012.0,2005,2005.0,Mar,3,87.6736,46.3735,3
,Arizona,4.0,La Paz,4012.0,2005,2005.0,Apr,4,104.9631,51.4459,2
,Arizona,4.0,La Paz,4012.0,2005,2005.0,May,5,119.9389,63.1262,0
,Arizona,4.0,La Paz,4012.0,2005,2005.0,Jun,6,128.2282,70.7326,1
,Arizona,4.0,La Paz,4012.0,2005,2005.0,Jul,7,134.0028,78.9446,0
,Arizona,4.0,La Paz,4012.0,2005,2005.0,Aug,8,121.814,76.8169,0
,Arizona,4.0,La Paz,4012.0,2005,2005.0,Sep,9,119.7565,68.2642,0
,Arizona,4.0,La Paz,4012.0,2005,2005.0,Oct,10,102.9442,59.6335,0
,Arizona,4.0,La Paz,4012.0,2005,2005.0,Nov,11,86.1775,45.3658,1
,Arizona,4.0,La Paz,4012.0,2005,2005.0,Dec,12,73.8404,36.5777,2
,Arizona,4.0,La Paz,4012.0,2006,2006.0,Jan,1,76.5294,36.886,1
,Arizona,4.0,La Paz,4012.0,2006,2006.0,Feb,2,86.4479,39.3995,1
,Arizona,4.0,La Paz,4012.0,2006,2006.0,Mar,3,90.1801,41.5868,1
,Arizona,4.0,La Paz,4012.0,2006,2006.0,Apr,4,110.4456,52.1139,1
,Arizona,4.0,La Paz,4012.0,2006,2006.0,May,5,126.5364,63.742,1
,Arizona,4.0,La Paz,4012.0,2006,2006.0,Jun,6,134.2413,73.9005,1
,Arizona,4.0,La Paz,4012.0,2006,2006.0,Jul,7,132.016,80.006,1
,Arizona,4.0,La Paz,4012.0,2006,2006.0,Aug,8,127.3521,77.0239,0
,Arizona,4.0,La Paz,4012.0,2006,2006.0,Sep,9,114.7266,67.7396,0
,Arizona,4.0,La Paz,4012.0,2006,2006.0,Oct,10,100.3713,54.9287,1
,Arizona,4.0,La Paz,4012.0,2006,2006.0,Nov,11,88.6455,46.3903,0
,Arizona,4.0,La Paz,4012.0,2006,2006.0,Dec,12,73.3704,34.1693,2
,Arizona,4.0,La Paz,4012.0,2007,2007.0,Jan,1,71.5385,32.539,0
,Arizona,4.0,La Paz,4012.0,2007,2007.0,Feb,2,84.8538,40.0728,3
,Arizona,4.0,La Paz,4012.0,2007,2007.0,Mar,3,102.6003,47.8621,3
,Arizona,4.0,La Paz,4012.0,2007,2007.0,Apr,4,109.3694,53.1754,0
,Arizona,4.0,La Paz,4012.0,2007,2007.0,May,5,122.7636,61.8979,0
,Arizona,4.0,La Paz,4012.0,2007,2007.0,Jun,6,132.073,70.214,1
,Arizona,4.0,La Paz,4012.0,2007,2007.0,Jul,7,130.5022,78.1929,2
,Arizona,4.0,La Paz,4012.0,2007,2007.0,Aug,8,126.9099,78.4264,1
,Arizona,4.0,La Paz,4012.0,2007,2007.0,Sep,9,119.182,69.5039,1
,Arizona,4.0,La Paz,4012.0,2007,2007.0,Oct,10,103.211,56.3762,2
,Arizona,4.0,La Paz,4012.0,2007,2007.0,Nov,11,91.5097,48.8741,2
,Arizona,4.0,La Paz,4012.0,2007,2007.0,Dec,12,66.5085,34.2196,1
,Arizona,4.0,La Paz,4012.0,2008,2008.0,Jan,1,68.5312,34.2333,0
,Arizona,4.0,La Paz,4012.0,2008,2008.0,Feb,2,79.9734,38.3038,0
,Arizona,4.0,La Paz,4012.0,2008,2008.0,Mar,3,99.313,45.5369,0
,Arizona,4.0,La Paz,4012.0,2008,2008.0,Apr,4,110.8893,52.1497,0
,Arizona,4.0,La Paz,4012.0,2008,2008.0,May,5,118.7181,59.3958,1
,Arizona,4.0,La Paz,4012.0,2008,2008.0,Jun,6,133.2676,71.5394,1
,Arizona,4.0,La Paz,4012.0,2008,2008.0,Jul,7,129.9561,78.6237,0
,Arizona,4.0,La Paz,4012.0,2008,2008.0,Aug,8,125.9492,77.9948,0
,Arizona,4.0,La Paz,4012.0,2008,2008.0,Sep,9,119.0761,71.633,0
,Arizona,4.0,La Paz,4012.0,2008,2008.0,Oct,10,106.5779,57.4954,1
,Arizona,4.0,La Paz,4012.0,2008,2008.0,Nov,11,88.8504,47.3927,2
,Arizona,4.0,La Paz,4012.0,2008,2008.0,Dec,12,67.2428,37.0629,1
,Arizona,4.0,Maricopa,4013.0,2003,2003.0,Jan,1,79.8819,41.5851,222
,Arizona,4.0,Maricopa,4013.0,2003,2003.0,Feb,2,78.8482,38.9577,138
,Arizona,4.0,Maricopa,4013.0,2003,2003.0,Mar,3,91.186,46.0186,135
,Arizona,4.0,Maricopa,4013.0,2003,2003.0,Apr,4,104.4387,50.0521,130
,Arizona,4.0,Maricopa,4013.0,2003,2003.0,May,5,119.0781,60.7542,92
,Arizona,4.0,Maricopa,4013.0,2003,2003.0,Jun,6,130.6055,69.9593,114
,Arizona,4.0,Maricopa,4013.0,2003,2003.0,Jul,7,130.4866,77.9106,181
,Arizona,4.0,Maricopa,4013.0,2003,2003.0,Aug,8,122.7342,77.0926,180
,Arizona,4.0,Maricopa,4013.0,2003,2003.0,Sep,9,119.5449,72.2389,171
,Arizona,4.0,Maricopa,4013.0,2003,2003.0,Oct,10,109.1576,63.282,209
,Arizona,4.0,Maricopa,4013.0,2003,2003.0,Nov,11,80.3465,41.6256,142
,Arizona,4.0,Maricopa,4013.0,2003,2003.0,Dec,12,72.1537,35.2418,305
,Arizona,4.0,Maricopa,4013.0,2004,2004.0,Jan,1,74.2447,36.9866,226
,Arizona,4.0,Maricopa,4013.0,2004,2004.0,Feb,2,78.8454,35.78,271
,Arizona,4.0,Maricopa,4013.0,2004,2004.0,Mar,3,103.3234,52.5862,196
,Arizona,4.0,Maricopa,4013.0,2004,2004.0,Apr,4,107.6053,54.3951,166
,Arizona,4.0,Maricopa,4013.0,2004,2004.0,May,5,122.8159,62.034,160
,Arizona,4.0,Maricopa,4013.0,2004,2004.0,Jun,6,130.5484,69.0659,209
,Arizona,4.0,Maricopa,4013.0,2004,2004.0,Jul,7,129.5667,74.2601,239
,Arizona,4.0,Maricopa,4013.0,2004,2004.0,Aug,8,125.2252,74.7346,272
,Arizona,4.0,Maricopa,4013.0,2004,2004.0,Sep,9,119.3481,69.1508,262
,Arizona,4.0,Maricopa,4013.0,2004,2004.0,Oct,10,101.0828,56.6779,221
,Arizona,4.0,Maricopa,4013.0,2004,2004.0,Nov,11,75.2473,43.0067,278
,Arizona,4.0,Maricopa,4013.0,2004,2004.0,Dec,12,69.0577,37.5791,202
,Arizona,4.0,Maricopa,4013.0,2005,2005.0,Jan,1,69.2241,40.1799,135
,Arizona,4.0,Maricopa,4013.0,2005,2005.0,Feb,2,70.8659,41.7368,124
,Arizona,4.0,Maricopa,4013.0,2005,2005.0,Mar,3,85.3591,45.8538,96
,Arizona,4.0,Maricopa,4013.0,2005,2005.0,Apr,4,103.8679,51.5361,131
,Arizona,4.0,Maricopa,4013.0,2005,2005.0,May,5,118.4935,62.3552,172
,Arizona,4.0,Maricopa,4013.0,2005,2005.0,Jun,6,127.957,70.2351,141
,Arizona,4.0,Maricopa,4013.0,2005,2005.0,Jul,7,132.0853,77.8469,152
,Arizona,4.0,Maricopa,4013.0,2005,2005.0,Aug,8,122.3368,76.2894,217
,Arizona,4.0,Maricopa,4013.0,2005,2005.0,Sep,9,119.8522,69.712,161
,Arizona,4.0,Maricopa,4013.0,2005,2005.0,Oct,10,104.203,60.3871,230
,Arizona,4.0,Maricopa,4013.0,2005,2005.0,Nov,11,86.9482,46.12,391
,Arizona,4.0,Maricopa,4013.0,2005,2005.0,Dec,12,76.8285,36.2137,511
,Arizona,4.0,Maricopa,4013.0,2006,2006.0,Jan,1,78.5392,36.9501,221
,Arizona,4.0,Maricopa,4013.0,2006,2006.0,Feb,2,87.9567,39.6884,414
,Arizona,4.0,Maricopa,4013.0,2006,2006.0,Mar,3,89.9749,42.1219,526
,Arizona,4.0,Maricopa,4013.0,2006,2006.0,Apr,4,108.7915,51.9349,403
,Arizona,4.0,Maricopa,4013.0,2006,2006.0,May,5,125.4106,63.2627,305
,Arizona,4.0,Maricopa,4013.0,2006,2006.0,Jun,6,133.535,72.9208,330
,Arizona,4.0,Maricopa,4013.0,2006,2006.0,Jul,7,131.6531,79.5638,353
,Arizona,4.0,Maricopa,4013.0,2006,2006.0,Aug,8,123.3193,75.8827,340
,Arizona,4.0,Maricopa,4013.0,2006,2006.0,Sep,9,112.8913,67.5991,193
,Arizona,4.0,Maricopa,4013.0,2006,2006.0,Oct,10,101.6025,55.4973,221
,Arizona,4.0,Maricopa,4013.0,2006,2006.0,Nov,11,90.1562,46.9178,298
,Arizona,4.0,Maricopa,4013.0,2006,2006.0,Dec,12,74.8478,35.0276,605
,Arizona,4.0,Maricopa,4013.0,2007,2007.0,Jan,1,72.2189,33.3605,326
,Arizona,4.0,Maricopa,4013.0,2007,2007.0,Feb,2,82.8146,40.029,309
,Arizona,4.0,Maricopa,4013.0,2007,2007.0,Mar,3,100.6384,48.2387,280
,Arizona,4.0,Maricopa,4013.0,2007,2007.0,Apr,4,108.3995,52.8672,288
,Arizona,4.0,Maricopa,4013.0,2007,2007.0,May,5,122.9192,62.3618,245
,Arizona,4.0,Maricopa,4013.0,2007,2007.0,Jun,6,131.5349,70.0614,233
,Arizona,4.0,Maricopa,4013.0,2007,2007.0,Jul,7,130.3637,77.6787,296
,Arizona,4.0,Maricopa,4013.0,2007,2007.0,Aug,8,125.1701,78.2047,282
,Arizona,4.0,Maricopa,4013.0,2007,2007.0,Sep,9,118.1215,70.4429,208
,Arizona,4.0,Maricopa,4013.0,2007,2007.0,Oct,10,103.256,57.1816,255
,Arizona,4.0,Maricopa,4013.0,2007,2007.0,Nov,11,93.2107,49.7901,354
,Arizona,4.0,Maricopa,4013.0,2007,2007.0,Dec,12,65.9894,34.6214,379
,Arizona,4.0,Maricopa,4013.0,2008,2008.0,Jan,1,67.8335,34.1371,304
,Arizona,4.0,Maricopa,4013.0,2008,2008.0,Feb,2,78.8363,38.3816,302
,Arizona,4.0,Maricopa,4013.0,2008,2008.0,Mar,3,98.4641,45.7231,235
,Arizona,4.0,Maricopa,4013.0,2008,2008.0,Apr,4,110.5437,52.5432,248
,Arizona,4.0,Maricopa,4013.0,2008,2008.0,May,5,118.9077,59.39,315
,Arizona,4.0,Maricopa,4013.0,2008,2008.0,Jun,6,131.657,71.6878,229
,Arizona,4.0,Maricopa,4013.0,2008,2008.0,Jul,7,128.3194,77.704,246
,Arizona,4.0,Maricopa,4013.0,2008,2008.0,Aug,8,123.9194,77.2392,226
,Arizona,4.0,Maricopa,4013.0,2008,2008.0,Sep,9,117.4423,72.3011,260
,Arizona,4.0,Maricopa,4013.0,2008,2008.0,Oct,10,106.0249,58.5525,243
,Arizona,4.0,Maricopa,4013.0,2008,2008.0,Nov,11,88.9576,48.0272,352
,Arizona,4.0,Maricopa,4013.0,2008,2008.0,Dec,12,68.7069,38.0277,546
,Arizona,4.0,Mohave,4015.0,2003,2003.0,Jan,1,67.8523,35.5868,1
,Arizona,4.0,Mohave,4015.0,2003,2003.0,Feb,2,67.7967,30.8321,1
,Arizona,4.0,Mohave,4015.0,2003,2003.0,Mar,3,80.4504,38.5628,3
,Arizona,4.0,Mohave,4015.0,2003,2003.0,Apr,4,91.0155,43.3493,1
,Arizona,4.0,Mohave,4015.0,2003,2003.0,May,5,109.9559,53.9622,0
,Arizona,4.0,Mohave,4015.0,2003,2003.0,Jun,6,122.5642,64.6936,3
,Arizona,4.0,Mohave,4015.0,2003,2003.0,Jul,7,126.4044,70.4217,1
,Arizona,4.0,Mohave,4015.0,2003,2003.0,Aug,8,115.1588,69.1656,6
,Arizona,4.0,Mohave,4015.0,2003,2003.0,Sep,9,110.6352,62.8938,7
,Arizona,4.0,Mohave,4015.0,2003,2003.0,Oct,10,98.5386,55.6955,5
,Arizona,4.0,Mohave,4015.0,2003,2003.0,Nov,11,65.8645,35.6245,8
,Arizona,4.0,Mohave,4015.0,2003,2003.0,Dec,12,57.9252,31.0958,4
,Arizona,4.0,Mohave,4015.0,2004,2004.0,Jan,1,61.8291,29.8352,3
,Arizona,4.0,Mohave,4015.0,2004,2004.0,Feb,2,63.8103,28.3048,4
,Arizona,4.0,Mohave,4015.0,2004,2004.0,Mar,3,91.743,44.9293,2
,Arizona,4.0,Mohave,4015.0,2004,2004.0,Apr,4,95.6813,47.5985,4
,Arizona,4.0,Mohave,4015.0,2004,2004.0,May,5,111.8043,55.1921,2
,Arizona,4.0,Mohave,4015.0,2004,2004.0,Jun,6,122.6659,64.155,5
,Arizona,4.0,Mohave,4015.0,2004,2004.0,Jul,7,123.6852,68.6072,2
,Arizona,4.0,Mohave,4015.0,2004,2004.0,Aug,8,117.8372,67.2991,7
,Arizona,4.0,Mohave,4015.0,2004,2004.0,Sep,9,109.3783,60.4755,6
,Arizona,4.0,Mohave,4015.0,2004,2004.0,Oct,10,89.1162,50.1454,3
,Arizona,4.0,Mohave,4015.0,2004,2004.0,Nov,11,62.132,36.8867,2
,Arizona,4.0,Mohave,4015.0,2004,2004.0,Dec,12,58.4672,31.8049,2
,Arizona,4.0,Mohave,4015.0,2005,2005.0,Jan,1,59.0891,35.1069,3
,Arizona,4.0,Mohave,4015.0,2005,2005.0,Feb,2,60.5297,34.6242,5
,Arizona,4.0,Mohave,4015.0,2005,2005.0,Mar,3,75.6329,38.7571,3
,Arizona,4.0,Mohave,4015.0,2005,2005.0,Apr,4,91.0793,43.8775,3
,Arizona,4.0,Mohave,4015.0,2005,2005.0,May,5,107.7049,56.1538,3
,Arizona,4.0,Mohave,4015.0,2005,2005.0,Jun,6,116.3421,62.6767,3
,Arizona,4.0,Mohave,4015.0,2005,2005.0,Jul,7,126.5348,70.3701,1
,Arizona,4.0,Mohave,4015.0,2005,2005.0,Aug,8,111.7201,67.6345,2
,Arizona,4.0,Mohave,4015.0,2005,2005.0,Sep,9,108.3229,60.6538,3
,Arizona,4.0,Mohave,4015.0,2005,2005.0,Oct,10,90.3269,52.3171,5
,Arizona,4.0,Mohave,4015.0,2005,2005.0,Nov,11,71.8316,38.4235,1
,Arizona,4.0,Mohave,4015.0,2005,2005.0,Dec,12,61.249,29.7837,7
,Arizona,4.0,Mohave,4015.0,2006,2006.0,Jan,1,63.9474,31.1615,5
,Arizona,4.0,Mohave,4015.0,2006,2006.0,Feb,2,74.8605,33.2113,7
,Arizona,4.0,Mohave,4015.0,2006,2006.0,Mar,3,74.1859,35.8215,2
,Arizona,4.0,Mohave,4015.0,2006,2006.0,Apr,4,95.384,45.839,3
,Arizona,4.0,Mohave,4015.0,2006,2006.0,May,5,114.7893,56.9622,3
,Arizona,4.0,Mohave,4015.0,2006,2006.0,Jun,6,124.3468,65.4704,5
,Arizona,4.0,Mohave,4015.0,2006,2006.0,Jul,7,120.9051,70.6689,4
,Arizona,4.0,Mohave,4015.0,2006,2006.0,Aug,8,117.3215,68.5463,6
,Arizona,4.0,Mohave,4015.0,2006,2006.0,Sep,9,104.8641,59.0555,6
,Arizona,4.0,Mohave,4015.0,2006,2006.0,Oct,10,85.7435,47.0642,2
,Arizona,4.0,Mohave,4015.0,2006,2006.0,Nov,11,75.183,39.8137,3
,Arizona,4.0,Mohave,4015.0,2006,2006.0,Dec,12,60.7187,28.6122,3
,Arizona,4.0,Mohave,4015.0,2007,2007.0,Jan,1,58.5837,26.471,5
,Arizona,4.0,Mohave,4015.0,2007,2007.0,Feb,2,70.2212,33.4021,3
,Arizona,4.0,Mohave,4015.0,2007,2007.0,Mar,3,91.057,41.2656,8
,Arizona,4.0,Mohave,4015.0,2007,2007.0,Apr,4,100.1832,47.2492,5
,Arizona,4.0,Mohave,4015.0,2007,2007.0,May,5,113.7857,56.1047,4
,Arizona,4.0,Mohave,4015.0,2007,2007.0,Jun,6,124.0712,63.3368,3
,Arizona,4.0,Mohave,4015.0,2007,2007.0,Jul,7,124.4839,71.0242,3
,Arizona,4.0,Mohave,4015.0,2007,2007.0,Aug,8,116.9909,69.4466,3
,Arizona,4.0,Mohave,4015.0,2007,2007.0,Sep,9,107.0726,61.3484,3
,Arizona,4.0,Mohave,4015.0,2007,2007.0,Oct,10,90.9262,49.3143,3
,Arizona,4.0,Mohave,4015.0,2007,2007.0,Nov,11,78.7706,41.8123,5
,Arizona,4.0,Mohave,4015.0,2007,2007.0,Dec,12,52.9308,29.0811,2
,Arizona,4.0,Mohave,4015.0,2008,2008.0,Jan,1,54.1248,28.2295,1
,Arizona,4.0,Mohave,4015.0,2008,2008.0,Feb,2,63.9416,31.7272,7
,Arizona,4.0,Mohave,4015.0,2008,2008.0,Mar,3,83.4243,38.2072,4
,Arizona,4.0,Mohave,4015.0,2008,2008.0,Apr,4,98.1854,44.1451,1
,Arizona,4.0,Mohave,4015.0,2008,2008.0,May,5,108.0272,51.8327,3
,Arizona,4.0,Mohave,4015.0,2008,2008.0,Jun,6,123.9635,62.6909,2
,Arizona,4.0,Mohave,4015.0,2008,2008.0,Jul,7,124.2784,70.6256,3
,Arizona,4.0,Mohave,4015.0,2008,2008.0,Aug,8,118.6527,69.2799,3
,Arizona,4.0,Mohave,4015.0,2008,2008.0,Sep,9,110.2714,62.1328,8
,Arizona,4.0,Mohave,4015.0,2008,2008.0,Oct,10,94.4956,50.4717,9
,Arizona,4.0,Mohave,4015.0,2008,2008.0,Nov,11,76.9145,41.0315,7
,Arizona,4.0,Mohave,4015.0,2008,2008.0,Dec,12,54.6666,30.2706,11
,Arizona,4.0,Navajo,4017.0,2003,2003.0,Jan,1,60.1828,23.9307,0
,Arizona,4.0,Navajo,4017.0,2003,2003.0,Feb,2,62.1244,19.6031,0
,Arizona,4.0,Navajo,4017.0,2003,2003.0,Mar,3,79.191,27.3327,0
,Arizona,4.0,Navajo,4017.0,2003,2003.0,Apr,4,90.7926,31.9038,1
,Arizona,4.0,Navajo,4017.0,2003,2003.0,May,5,106.9214,43.5423,0
,Arizona,4.0,Navajo,4017.0,2003,2003.0,Jun,6,118.6732,51.7798,1
,Arizona,4.0,Navajo,4017.0,2003,2003.0,Jul,7,125.2811,59.7375,1
,Arizona,4.0,Navajo,4017.0,2003,2003.0,Aug,8,111.1362,58.3334,0
,Arizona,4.0,Navajo,4017.0,2003,2003.0,Sep,9,103.2256,50.2302,1
,Arizona,4.0,Navajo,4017.0,2003,2003.0,Oct,10,90.2055,42.9004,0
,Arizona,4.0,Navajo,4017.0,2003,2003.0,Nov,11,61.2047,25.5786,0
,Arizona,4.0,Navajo,4017.0,2003,2003.0,Dec,12,52.457,18.8193,0
,Arizona,4.0,Navajo,4017.0,2004,2004.0,Jan,1,53.3683,18.2368,0
,Arizona,4.0,Navajo,4017.0,2004,2004.0,Feb,2,57.4432,16.7959,0
,Arizona,4.0,Navajo,4017.0,2004,2004.0,Mar,3,88.7404,32.8111,1
,Arizona,4.0,Navajo,4017.0,2004,2004.0,Apr,4,88.9497,35.7987,0
,Arizona,4.0,Navajo,4017.0,2004,2004.0,May,5,107.0763,42.8362,0
,Arizona,4.0,Navajo,4017.0,2004,2004.0,Jun,6,119.5051,51.0695,3
,Arizona,4.0,Navajo,4017.0,2004,2004.0,Jul,7,118.0528,56.1339,2
,Arizona,4.0,Navajo,4017.0,2004,2004.0,Aug,8,110.8014,55.0278,3
,Arizona,4.0,Navajo,4017.0,2004,2004.0,Sep,9,102.8205,49.356,1
,Arizona,4.0,Navajo,4017.0,2004,2004.0,Oct,10,79.5525,39.4186,2
,Arizona,4.0,Navajo,4017.0,2004,2004.0,Nov,11,58.4613,26.8012,1
,Arizona,4.0,Navajo,4017.0,2004,2004.0,Dec,12,51.6422,20.5413,0
,Arizona,4.0,Navajo,4017.0,2005,2005.0,Jan,1,54.8329,24.7842,0
,Arizona,4.0,Navajo,4017.0,2005,2005.0,Feb,2,56.3921,24.1425,2
,Arizona,4.0,Navajo,4017.0,2005,2005.0,Mar,3,72.1403,27.805,0
,Arizona,4.0,Navajo,4017.0,2005,2005.0,Apr,4,91.0776,32.9896,1
,Arizona,4.0,Navajo,4017.0,2005,2005.0,May,5,103.4194,43.8804,0
,Arizona,4.0,Navajo,4017.0,2005,2005.0,Jun,6,112.0686,49.6483,2
,Arizona,4.0,Navajo,4017.0,2005,2005.0,Jul,7,123.9505,58.9356,0
,Arizona,4.0,Navajo,4017.0,2005,2005.0,Aug,8,105.2872,56.3348,0
,Arizona,4.0,Navajo,4017.0,2005,2005.0,Sep,9,101.2144,50.0871,1
,Arizona,4.0,Navajo,4017.0,2005,2005.0,Oct,10,85.2641,40.9068,0
,Arizona,4.0,Navajo,4017.0,2005,2005.0,Nov,11,68.3158,26.6584,0
,Arizona,4.0,Navajo,4017.0,2005,2005.0,Dec,12,57.7057,16.2525,1
,Arizona,4.0,Navajo,4017.0,2006,2006.0,Jan,1,59.4595,17.9395,0
,Arizona,4.0,Navajo,4017.0,2006,2006.0,Feb,2,70.3541,19.6947,2
,Arizona,4.0,Navajo,4017.0,2006,2006.0,Mar,3,71.2976,26.6828,0
,Arizona,4.0,Navajo,4017.0,2006,2006.0,Apr,4,95.0323,35.1895,4
,Arizona,4.0,Navajo,4017.0,2006,2006.0,May,5,112.313,45.4919,2
,Arizona,4.0,Navajo,4017.0,2006,2006.0,Jun,6,122.1149,53.8898,1
,Arizona,4.0,Navajo,4017.0,2006,2006.0,Jul,7,118.0046,59.9754,2
,Arizona,4.0,Navajo,4017.0,2006,2006.0,Aug,8,102.6609,56.7175,1
,Arizona,4.0,Navajo,4017.0,2006,2006.0,Sep,9,95.2742,46.9408,0
,Arizona,4.0,Navajo,4017.0,2006,2006.0,Oct,10,75.7595,37.0708,1
,Arizona,4.0,Navajo,4017.0,2006,2006.0,Nov,11,69.9597,28.7429,1
,Arizona,4.0,Navajo,4017.0,2006,2006.0,Dec,12,52.2669,16.6959,1
,Arizona,4.0,Navajo,4017.0,2007,2007.0,Jan,1,46.7003,16.2301,2
,Arizona,4.0,Navajo,4017.0,2007,2007.0,Feb,2,58.9545,23.7131,0
,Arizona,4.0,Navajo,4017.0,2007,2007.0,Mar,3,84.303,28.1381,0
,Arizona,4.0,Navajo,4017.0,2007,2007.0,Apr,4,92.4371,35.0923,1
,Arizona,4.0,Navajo,4017.0,2007,2007.0,May,5,106.4562,44.1885,0
,Arizona,4.0,Navajo,4017.0,2007,2007.0,Jun,6,120.228,52.1125,1
,Arizona,4.0,Navajo,4017.0,2007,2007.0,Jul,7,119.9279,59.3294,2
,Arizona,4.0,Navajo,4017.0,2007,2007.0,Aug,8,108.7507,60.365,1
,Arizona,4.0,Navajo,4017.0,2007,2007.0,Sep,9,101.5083,52.2345,0
,Arizona,4.0,Navajo,4017.0,2007,2007.0,Oct,10,85.8715,39.1455,2
,Arizona,4.0,Navajo,4017.0,2007,2007.0,Nov,11,74.5441,30.6911,0
,Arizona,4.0,Navajo,4017.0,2007,2007.0,Dec,12,45.2766,18.7938,2
,Arizona,4.0,Navajo,4017.0,2008,2008.0,Jan,1,41.7679,12.5569,2
,Arizona,4.0,Navajo,4017.0,2008,2008.0,Feb,2,53.6375,22.3581,3
,Arizona,4.0,Navajo,4017.0,2008,2008.0,Mar,3,80.3824,26.3546,1
,Arizona,4.0,Navajo,4017.0,2008,2008.0,Apr,4,94.2404,31.5707,1
,Arizona,4.0,Navajo,4017.0,2008,2008.0,May,5,105.1137,39.4082,0
,Arizona,4.0,Navajo,4017.0,2008,2008.0,Jun,6,118.1953,51.5301,1
,Arizona,4.0,Navajo,4017.0,2008,2008.0,Jul,7,115.4282,59.5099,0
,Arizona,4.0,Navajo,4017.0,2008,2008.0,Aug,8,111.131,58.0438,0
,Arizona,4.0,Navajo,4017.0,2008,2008.0,Sep,9,100.9309,51.3373,1
,Arizona,4.0,Navajo,4017.0,2008,2008.0,Oct,10,86.4351,37.5334,0
,Arizona,4.0,Navajo,4017.0,2008,2008.0,Nov,11,70.4479,28.7241,0
,Arizona,4.0,Navajo,4017.0,2008,2008.0,Dec,12,49.032,21.0691,2
,Arizona,4.0,Pima,4019.0,2003,2003.0,Jan,1,81.3609,39.277,56
,Arizona,4.0,Pima,4019.0,2003,2003.0,Feb,2,78.1487,38.0133,35
,Arizona,4.0,Pima,4019.0,2003,2003.0,Mar,3,95.1787,43.565,23
,Arizona,4.0,Pima,4019.0,2003,2003.0,Apr,4,107.067,47.553,27
,Arizona,4.0,Pima,4019.0,2003,2003.0,May,5,120.4199,57.1908,34
,Arizona,4.0,Pima,4019.0,2003,2003.0,Jun,6,130.2599,66.4377,26
,Arizona,4.0,Pima,4019.0,2003,2003.0,Jul,7,127.7966,73.0127,50
,Arizona,4.0,Pima,4019.0,2003,2003.0,Aug,8,116.6468,72.0603,72
,Arizona,4.0,Pima,4019.0,2003,2003.0,Sep,9,115.3532,68.9394,32
,Arizona,4.0,Pima,4019.0,2003,2003.0,Oct,10,102.8361,60.8916,27
,Arizona,4.0,Pima,4019.0,2003,2003.0,Nov,11,80.8573,41.1688,25
,Arizona,4.0,Pima,4019.0,2003,2003.0,Dec,12,72.8105,34.633,42
,Arizona,4.0,Pima,4019.0,2004,2004.0,Jan,1,72.5798,36.3104,49
,Arizona,4.0,Pima,4019.0,2004,2004.0,Feb,2,78.3174,34.3857,48
,Arizona,4.0,Pima,4019.0,2004,2004.0,Mar,3,100.9042,49.9054,40
,Arizona,4.0,Pima,4019.0,2004,2004.0,Apr,4,106.9129,51.429,27
,Arizona,4.0,Pima,4019.0,2004,2004.0,May,5,121.7051,59.0188,35
,Arizona,4.0,Pima,4019.0,2004,2004.0,Jun,6,129.1122,66.1178,62
,Arizona,4.0,Pima,4019.0,2004,2004.0,Jul,7,125.2738,69.8905,87
,Arizona,4.0,Pima,4019.0,2004,2004.0,Aug,8,119.3879,70.5374,56
,Arizona,4.0,Pima,4019.0,2004,2004.0,Sep,9,115.804,66.3291,62
,Arizona,4.0,Pima,4019.0,2004,2004.0,Oct,10,99.526,54.2565,62
,Arizona,4.0,Pima,4019.0,2004,2004.0,Nov,11,76.2104,40.1336,80
,Arizona,4.0,Pima,4019.0,2004,2004.0,Dec,12,70.2914,36.7553,54
,Arizona,4.0,Pima,4019.0,2005,2005.0,Jan,1,69.1509,38.6539,46
,Arizona,4.0,Pima,4019.0,2005,2005.0,Feb,2,71.1857,40.2317,46
,Arizona,4.0,Pima,4019.0,2005,2005.0,Mar,3,89.5735,43.5039,45
,Arizona,4.0,Pima,4019.0,2005,2005.0,Apr,4,106.5419,49.2799,40
,Arizona,4.0,Pima,4019.0,2005,2005.0,May,5,120.0709,59.3662,37
,Arizona,4.0,Pima,4019.0,2005,2005.0,Jun,6,128.0682,67.1851,69
,Arizona,4.0,Pima,4019.0,2005,2005.0,Jul,7,130.6478,74.3112,50
,Arizona,4.0,Pima,4019.0,2005,2005.0,Aug,8,114.7389,72.3947,117
,Arizona,4.0,Pima,4019.0,2005,2005.0,Sep,9,116.953,67.6073,61
,Arizona,4.0,Pima,4019.0,2005,2005.0,Oct,10,103.3452,57.5099,58
,Arizona,4.0,Pima,4019.0,2005,2005.0,Nov,11,88.3885,45.0641,87
,Arizona,4.0,Pima,4019.0,2005,2005.0,Dec,12,78.422,35.6883,94
,Arizona,4.0,Pima,4019.0,2006,2006.0,Jan,1,80.299,35.2354,56
,Arizona,4.0,Pima,4019.0,2006,2006.0,Feb,2,89.0322,38.3257,86
,Arizona,4.0,Pima,4019.0,2006,2006.0,Mar,3,90.2913,40.018,87
,Arizona,4.0,Pima,4019.0,2006,2006.0,Apr,4,109.2432,49.3415,76
,Arizona,4.0,Pima,4019.0,2006,2006.0,May,5,124.2205,59.8885,84
,Arizona,4.0,Pima,4019.0,2006,2006.0,Jun,6,130.4794,69.3387,92
,Arizona,4.0,Pima,4019.0,2006,2006.0,Jul,7,124.6567,75.18,112
,Arizona,4.0,Pima,4019.0,2006,2006.0,Aug,8,114.9492,71.2199,81
,Arizona,4.0,Pima,4019.0,2006,2006.0,Sep,9,107.2822,64.9618,50
,Arizona,4.0,Pima,4019.0,2006,2006.0,Oct,10,99.0788,53.1291,40
,Arizona,4.0,Pima,4019.0,2006,2006.0,Nov,11,91.0875,45.7197,61
,Arizona,4.0,Pima,4019.0,2006,2006.0,Dec,12,75.5436,34.2467,72
,Arizona,4.0,Pima,4019.0,2007,2007.0,Jan,1,70.549,32.2364,68
,Arizona,4.0,Pima,4019.0,2007,2007.0,Feb,2,85.2653,37.53,53
,Arizona,4.0,Pima,4019.0,2007,2007.0,Mar,3,101.2994,45.1188,49
,Arizona,4.0,Pima,4019.0,2007,2007.0,Apr,4,108.1057,50.2462,55
,Arizona,4.0,Pima,4019.0,2007,2007.0,May,5,121.7124,59.008,72
,Arizona,4.0,Pima,4019.0,2007,2007.0,Jun,6,130.054,67.3532,64
,Arizona,4.0,Pima,4019.0,2007,2007.0,Jul,7,127.8109,73.1629,97
,Arizona,4.0,Pima,4019.0,2007,2007.0,Aug,8,115.0896,73.5986,82
,Arizona,4.0,Pima,4019.0,2007,2007.0,Sep,9,111.8862,67.9429,48
,Arizona,4.0,Pima,4019.0,2007,2007.0,Oct,10,102.5033,54.8168,72
,Arizona,4.0,Pima,4019.0,2007,2007.0,Nov,11,92.7711,48.8344,107
,Arizona,4.0,Pima,4019.0,2007,2007.0,Dec,12,65.6708,34.2931,137
,Arizona,4.0,Pima,4019.0,2008,2008.0,Jan,1,69.7302,33.173,95
,Arizona,4.0,Pima,4019.0,2008,2008.0,Feb,2,80.8598,38.0931,68
,Arizona,4.0,Pima,4019.0,2008,2008.0,Mar,3,99.642,42.91,43
,Arizona,4.0,Pima,4019.0,2008,2008.0,Apr,4,111.491,49.5785,55
,Arizona,4.0,Pima,4019.0,2008,2008.0,May,5,118.9973,55.6615,41
,Arizona,4.0,Pima,4019.0,2008,2008.0,Jun,6,130.6506,68.9709,63
,Arizona,4.0,Pima,4019.0,2008,2008.0,Jul,7,120.3791,73.0283,66
,Arizona,4.0,Pima,4019.0,2008,2008.0,Aug,8,115.1608,73.0234,53
,Arizona,4.0,Pima,4019.0,2008,2008.0,Sep,9,110.0698,68.757,75
,Arizona,4.0,Pima,4019.0,2008,2008.0,Oct,10,104.3997,56.3887,63
,Arizona,4.0,Pima,4019.0,2008,2008.0,Nov,11,87.7214,45.9296,66
,Arizona,4.0,Pima,4019.0,2008,2008.0,Dec,12,70.7587,37.3904,122
,Arizona,4.0,Pinal,4021.0,2003,2003.0,Jan,1,79.6517,39.4714,12
,Arizona,4.0,Pinal,4021.0,2003,2003.0,Feb,2,77.9253,38.3281,3
,Arizona,4.0,Pinal,4021.0,2003,2003.0,Mar,3,90.7111,44.6079,11
,Arizona,4.0,Pinal,4021.0,2003,2003.0,Apr,4,104.2713,48.6974,2
,Arizona,4.0,Pinal,4021.0,2003,2003.0,May,5,118.5693,59.3753,1
,Arizona,4.0,Pinal,4021.0,2003,2003.0,Jun,6,129.0184,68.5909,4
,Arizona,4.0,Pinal,4021.0,2003,2003.0,Jul,7,128.054,75.354,5
,Arizona,4.0,Pinal,4021.0,2003,2003.0,Aug,8,121.9952,74.1596,14
,Arizona,4.0,Pinal,4021.0,2003,2003.0,Sep,9,117.0078,69.8312,14
,Arizona,4.0,Pinal,4021.0,2003,2003.0,Oct,10,106.6512,61.49,13
,Arizona,4.0,Pinal,4021.0,2003,2003.0,Nov,11,80.9076,41.146,8
,Arizona,4.0,Pinal,4021.0,2003,2003.0,Dec,12,71.078,34.4467,13
,Arizona,4.0,Pinal,4021.0,2004,2004.0,Jan,1,70.9118,35.9831,8
,Arizona,4.0,Pinal,4021.0,2004,2004.0,Feb,2,75.7406,34.5409,11
,Arizona,4.0,Pinal,4021.0,2004,2004.0,Mar,3,97.8736,50.4805,4
,Arizona,4.0,Pinal,4021.0,2004,2004.0,Apr,4,105.3249,52.4929,7
,Arizona,4.0,Pinal,4021.0,2004,2004.0,May,5,121.1654,60.7699,15
,Arizona,4.0,Pinal,4021.0,2004,2004.0,Jun,6,129.2973,68.1408,23
,Arizona,4.0,Pinal,4021.0,2004,2004.0,Jul,7,127.016,71.8935,13
,Arizona,4.0,Pinal,4021.0,2004,2004.0,Aug,8,121.0125,71.9635,15
,Arizona,4.0,Pinal,4021.0,2004,2004.0,Sep,9,116.1314,66.9695,8
,Arizona,4.0,Pinal,4021.0,2004,2004.0,Oct,10,99.4262,55.2339,16
,Arizona,4.0,Pinal,4021.0,2004,2004.0,Nov,11,76.1012,41.3391,16
,Arizona,4.0,Pinal,4021.0,2004,2004.0,Dec,12,68.9989,36.3941,16
,Arizona,4.0,Pinal,4021.0,2005,2005.0,Jan,1,68.1331,38.6782,11
,Arizona,4.0,Pinal,4021.0,2005,2005.0,Feb,2,70.1526,40.2829,12
,Arizona,4.0,Pinal,4021.0,2005,2005.0,Mar,3,83.7856,44.0867,9
,Arizona,4.0,Pinal,4021.0,2005,2005.0,Apr,4,102.659,50.2872,7
,Arizona,4.0,Pinal,4021.0,2005,2005.0,May,5,117.8664,60.6012,4
,Arizona,4.0,Pinal,4021.0,2005,2005.0,Jun,6,126.3922,68.7927,8
,Arizona,4.0,Pinal,4021.0,2005,2005.0,Jul,7,129.9808,75.5525,8
,Arizona,4.0,Pinal,4021.0,2005,2005.0,Aug,8,117.3123,73.7882,17
,Arizona,4.0,Pinal,4021.0,2005,2005.0,Sep,9,116.5958,67.7381,13
,Arizona,4.0,Pinal,4021.0,2005,2005.0,Oct,10,102.9254,58.6433,10
,Arizona,4.0,Pinal,4021.0,2005,2005.0,Nov,11,87.5954,45.6558,19
,Arizona,4.0,Pinal,4021.0,2005,2005.0,Dec,12,76.8801,35.5446,39
,Arizona,4.0,Pinal,4021.0,2006,2006.0,Jan,1,78.3329,35.8399,16
,Arizona,4.0,Pinal,4021.0,2006,2006.0,Feb,2,87.2929,39.4362,27
,Arizona,4.0,Pinal,4021.0,2006,2006.0,Mar,3,88.5644,41.2681,26
,Arizona,4.0,Pinal,4021.0,2006,2006.0,Apr,4,107.1098,50.6368,23
,Arizona,4.0,Pinal,4021.0,2006,2006.0,May,5,123.3231,61.7602,13
,Arizona,4.0,Pinal,4021.0,2006,2006.0,Jun,6,130.1668,70.9722,14
,Arizona,4.0,Pinal,4021.0,2006,2006.0,Jul,7,126.9342,76.801,20
,Arizona,4.0,Pinal,4021.0,2006,2006.0,Aug,8,114.5625,72.6115,18
,Arizona,4.0,Pinal,4021.0,2006,2006.0,Sep,9,108.4669,65.551,11
,Arizona,4.0,Pinal,4021.0,2006,2006.0,Oct,10,98.1898,53.9259,12
,Arizona,4.0,Pinal,4021.0,2006,2006.0,Nov,11,89.2818,46.1165,15
,Arizona,4.0,Pinal,4021.0,2006,2006.0,Dec,12,72.4308,34.3149,30
,Arizona,4.0,Pinal,4021.0,2007,2007.0,Jan,1,67.8836,32.7483,30
,Arizona,4.0,Pinal,4021.0,2007,2007.0,Feb,2,81.2373,38.2335,27
,Arizona,4.0,Pinal,4021.0,2007,2007.0,Mar,3,97.9151,46.2274,24
,Arizona,4.0,Pinal,4021.0,2007,2007.0,Apr,4,105.3396,51.5269,26
,Arizona,4.0,Pinal,4021.0,2007,2007.0,May,5,120.2052,61.2102,14
,Arizona,4.0,Pinal,4021.0,2007,2007.0,Jun,6,128.6521,68.775,25
,Arizona,4.0,Pinal,4021.0,2007,2007.0,Jul,7,127.5918,75.0041,10
,Arizona,4.0,Pinal,4021.0,2007,2007.0,Aug,8,120.0005,75.8905,18
,Arizona,4.0,Pinal,4021.0,2007,2007.0,Sep,9,114.7306,68.6164,13
,Arizona,4.0,Pinal,4021.0,2007,2007.0,Oct,10,101.4938,56.1226,19
,Arizona,4.0,Pinal,4021.0,2007,2007.0,Nov,11,91.7841,49.4568,28
,Arizona,4.0,Pinal,4021.0,2007,2007.0,Dec,12,64.2462,33.9892,21
,Arizona,4.0,Pinal,4021.0,2008,2008.0,Jan,1,66.2069,33.4001,19
,Arizona,4.0,Pinal,4021.0,2008,2008.0,Feb,2,76.4539,37.6972,25
,Arizona,4.0,Pinal,4021.0,2008,2008.0,Mar,3,95.6751,43.743,17
,Arizona,4.0,Pinal,4021.0,2008,2008.0,Apr,4,108.3393,51.0628,23
,Arizona,4.0,Pinal,4021.0,2008,2008.0,May,5,116.0368,57.2596,22
,Arizona,4.0,Pinal,4021.0,2008,2008.0,Jun,6,128.5668,69.6487,11
,Arizona,4.0,Pinal,4021.0,2008,2008.0,Jul,7,122.5629,74.3742,27
,Arizona,4.0,Pinal,4021.0,2008,2008.0,Aug,8,118.3645,74.9133,18
,Arizona,4.0,Pinal,4021.0,2008,2008.0,Sep,9,112.7139,69.66,24
,Arizona,4.0,Pinal,4021.0,2008,2008.0,Oct,10,103.2359,56.8027,13
,Arizona,4.0,Pinal,4021.0,2008,2008.0,Nov,11,86.0879,46.2713,19
,Arizona,4.0,Pinal,4021.0,2008,2008.0,Dec,12,68.521,37.2862,34
,Arizona,4.0,Santa Cruz,4023.0,2003,2003.0,Jan,1,79.2927,36.5092,0
,Arizona,4.0,Santa Cruz,4023.0,2003,2003.0,Feb,2,73.5408,35.8074,0
,Arizona,4.0,Santa Cruz,4023.0,2003,2003.0,Mar,3,88.17,39.3723,0
,Arizona,4.0,Santa Cruz,4023.0,2003,2003.0,Apr,4,100.0594,42.9822,0
,Arizona,4.0,Santa Cruz,4023.0,2003,2003.0,May,5,112.2507,53.4616,0
,Arizona,4.0,Santa Cruz,4023.0,2003,2003.0,Jun,6,121.9057,62.1591,0
,Arizona,4.0,Santa Cruz,4023.0,2003,2003.0,Jul,7,114.7741,66.6121,0
,Arizona,4.0,Santa Cruz,4023.0,2003,2003.0,Aug,8,102.3545,64.306,1
,Arizona,4.0,Santa Cruz,4023.0,2003,2003.0,Sep,9,103.6327,62.4719,0
,Arizona,4.0,Santa Cruz,4023.0,2003,2003.0,Oct,10,93.8834,56.4581,2
,Arizona,4.0,Santa Cruz,4023.0,2003,2003.0,Nov,11,78.5336,40.2814,0
,Arizona,4.0,Santa Cruz,4023.0,2003,2003.0,Dec,12,71.2672,35.7072,1
,Arizona,4.0,Santa Cruz,4023.0,2004,2004.0,Jan,1,66.6721,35.0001,2
,Arizona,4.0,Santa Cruz,4023.0,2004,2004.0,Feb,2,74.015,32.3866,0
,Arizona,4.0,Santa Cruz,4023.0,2004,2004.0,Mar,3,92.9916,45.7866,0
,Arizona,4.0,Santa Cruz,4023.0,2004,2004.0,Apr,4,96.7725,46.5402,1
,Arizona,4.0,Santa Cruz,4023.0,2004,2004.0,May,5,112.6984,54.4394,0
,Arizona,4.0,Santa Cruz,4023.0,2004,2004.0,Jun,6,120.2538,61.7583,0
,Arizona,4.0,Santa Cruz,4023.0,2004,2004.0,Jul,7,112.4402,63.2712,0
,Arizona,4.0,Santa Cruz,4023.0,2004,2004.0,Aug,8,103.6599,62.9146,1
,Arizona,4.0,Santa Cruz,4023.0,2004,2004.0,Sep,9,104.9447,60.5584,1
,Arizona,4.0,Santa Cruz,4023.0,2004,2004.0,Oct,10,92.5446,50.5462,0
,Arizona,4.0,Santa Cruz,4023.0,2004,2004.0,Nov,11,72.7274,37.1494,1
,Arizona,4.0,Santa Cruz,4023.0,2004,2004.0,Dec,12,68.7227,35.2798,1
,Arizona,4.0,Santa Cruz,4023.0,2005,2005.0,Jan,1,68.8929,35.9884,0
,Arizona,4.0,Santa Cruz,4023.0,2005,2005.0,Feb,2,67.8961,35.6365,0
,Arizona,4.0,Santa Cruz,4023.0,2005,2005.0,Mar,3,84.734,39.4758,0
,Arizona,4.0,Santa Cruz,4023.0,2005,2005.0,Apr,4,99.1539,45.1764,0
,Arizona,4.0,Santa Cruz,4023.0,2005,2005.0,May,5,111.8808,54.499,0
,Arizona,4.0,Santa Cruz,4023.0,2005,2005.0,Jun,6,119.7211,61.7215,0
,Arizona,4.0,Santa Cruz,4023.0,2005,2005.0,Jul,7,120.4625,68.2719,0
,Arizona,4.0,Santa Cruz,4023.0,2005,2005.0,Aug,8,98.1787,64.7588,0
,Arizona,4.0,Santa Cruz,4023.0,2005,2005.0,Sep,9,102.3057,61.7527,1
,Arizona,4.0,Santa Cruz,4023.0,2005,2005.0,Oct,10,92.8738,52.5035,0
,Arizona,4.0,Santa Cruz,4023.0,2005,2005.0,Nov,11,82.5453,42.8601,1
,Arizona,4.0,Santa Cruz,4023.0,2005,2005.0,Dec,12,75.1106,36.0359,0
,Arizona,4.0,Santa Cruz,4023.0,2006,2006.0,Jan,1,76.1146,34.6675,0
,Arizona,4.0,Santa Cruz,4023.0,2006,2006.0,Feb,2,82.782,37.2326,0
,Arizona,4.0,Santa Cruz,4023.0,2006,2006.0,Mar,3,84.9516,36.8739,0
,Arizona,4.0,Santa Cruz,4023.0,2006,2006.0,Apr,4,103.2122,45.6669,0
,Arizona,4.0,Santa Cruz,4023.0,2006,2006.0,May,5,115.5386,55.8903,1
,Arizona,4.0,Santa Cruz,4023.0,2006,2006.0,Jun,6,121.0778,64.1315,3
,Arizona,4.0,Santa Cruz,4023.0,2006,2006.0,Jul,7,114.0889,67.4714,0
,Arizona,4.0,Santa Cruz,4023.0,2006,2006.0,Aug,8,94.9507,63.0317,1
,Arizona,4.0,Santa Cruz,4023.0,2006,2006.0,Sep,9,90.349,58.7831,1
,Arizona,4.0,Santa Cruz,4023.0,2006,2006.0,Oct,10,88.1689,49.3975,0
,Arizona,4.0,Santa Cruz,4023.0,2006,2006.0,Nov,11,83.4365,43.6536,0
,Arizona,4.0,Santa Cruz,4023.0,2006,2006.0,Dec,12,70.5975,34.0396,0
,Arizona,4.0,Santa Cruz,4023.0,2007,2007.0,Jan,1,63.4259,31.6265,0
,Arizona,4.0,Santa Cruz,4023.0,2007,2007.0,Feb,2,79.3577,34.8979,1
,Arizona,4.0,Santa Cruz,4023.0,2007,2007.0,Mar,3,93.229,40.8111,0
,Arizona,4.0,Santa Cruz,4023.0,2007,2007.0,Apr,4,99.9463,45.8289,1
,Arizona,4.0,Santa Cruz,4023.0,2007,2007.0,May,5,112.5671,54.4167,2
,Arizona,4.0,Santa Cruz,4023.0,2007,2007.0,Jun,6,120.6158,62.9234,0
,Arizona,4.0,Santa Cruz,4023.0,2007,2007.0,Jul,7,114.5967,65.5567,2
,Arizona,4.0,Santa Cruz,4023.0,2007,2007.0,Aug,8,97.0199,65.4035,0
,Arizona,4.0,Santa Cruz,4023.0,2007,2007.0,Sep,9,95.2779,62.3079,0
,Arizona,4.0,Santa Cruz,4023.0,2007,2007.0,Oct,10,92.2973,51.6014,1
,Arizona,4.0,Santa Cruz,4023.0,2007,2007.0,Nov,11,85.5989,46.5694,0
,Arizona,4.0,Santa Cruz,4023.0,2007,2007.0,Dec,12,64.4845,33.9012,0
,Arizona,4.0,Santa Cruz,4023.0,2008,2008.0,Jan,1,66.8525,31.7647,1
,Arizona,4.0,Santa Cruz,4023.0,2008,2008.0,Feb,2,78.3451,35.6908,1
,Arizona,4.0,Santa Cruz,4023.0,2008,2008.0,Mar,3,92.6164,38.8385,0
,Arizona,4.0,Santa Cruz,4023.0,2008,2008.0,Apr,4,104.2416,44.662,1
,Arizona,4.0,Santa Cruz,4023.0,2008,2008.0,May,5,110.1392,50.9743,1
,Arizona,4.0,Santa Cruz,4023.0,2008,2008.0,Jun,6,121.5081,63.3088,1
,Arizona,4.0,Santa Cruz,4023.0,2008,2008.0,Jul,7,99.4249,64.8641,0
,Arizona,4.0,Santa Cruz,4023.0,2008,2008.0,Aug,8,94.2968,64.5827,0
,Arizona,4.0,Santa Cruz,4023.0,2008,2008.0,Sep,9,93.6014,61.4209,0
,Arizona,4.0,Santa Cruz,4023.0,2008,2008.0,Oct,10,93.1393,51.7362,0
,Arizona,4.0,Santa Cruz,4023.0,2008,2008.0,Nov,11,80.4994,43.3522,0
,Arizona,4.0,Santa Cruz,4023.0,2008,2008.0,Dec,12,68.3872,36.2761,1
,Arizona,4.0,Yavapai,4025.0,2003,2003.0,Jan,1,69.0934,35.1612,0
,Arizona,4.0,Yavapai,4025.0,2003,2003.0,Feb,2,67.1903,30.1382,0
,Arizona,4.0,Yavapai,4025.0,2003,2003.0,Mar,3,78.8135,37.0237,1
,Arizona,4.0,Yavapai,4025.0,2003,2003.0,Apr,4,89.2264,40.1902,3
,Arizona,4.0,Yavapai,4025.0,2003,2003.0,May,5,105.874,51.4299,2
,Arizona,4.0,Yavapai,4025.0,2003,2003.0,Jun,6,118.3072,60.5247,1
,Arizona,4.0,Yavapai,4025.0,2003,2003.0,Jul,7,122.0203,66.8225,1
,Arizona,4.0,Yavapai,4025.0,2003,2003.0,Aug,8,110.2785,66.0434,2
,Arizona,4.0,Yavapai,4025.0,2003,2003.0,Sep,9,105.2637,60.8572,2
,Arizona,4.0,Yavapai,4025.0,2003,2003.0,Oct,10,97.0953,53.9535,3
,Arizona,4.0,Yavapai,4025.0,2003,2003.0,Nov,11,65.7547,34.3486,5
,Arizona,4.0,Yavapai,4025.0,2003,2003.0,Dec,12,58.9406,29.8691,3
,Arizona,4.0,Yavapai,4025.0,2004,2004.0,Jan,1,62.0572,30.3474,0
,Arizona,4.0,Yavapai,4025.0,2004,2004.0,Feb,2,63.9002,27.4264,1
,Arizona,4.0,Yavapai,4025.0,2004,2004.0,Mar,3,91.1513,43.5004,0
,Arizona,4.0,Yavapai,4025.0,2004,2004.0,Apr,4,93.0004,44.6383,2
,Arizona,4.0,Yavapai,4025.0,2004,2004.0,May,5,109.4498,52.2728,1
,Arizona,4.0,Yavapai,4025.0,2004,2004.0,Jun,6,119.4177,59.5152,3
,Arizona,4.0,Yavapai,4025.0,2004,2004.0,Jul,7,118.5381,63.5586,3
,Arizona,4.0,Yavapai,4025.0,2004,2004.0,Aug,8,112.3412,63.2306,3
,Arizona,4.0,Yavapai,4025.0,2004,2004.0,Sep,9,105.7242,58.1989,1
,Arizona,4.0,Yavapai,4025.0,2004,2004.0,Oct,10,86.6747,48.1651,2
,Arizona,4.0,Yavapai,4025.0,2004,2004.0,Nov,11,61.5096,35.6711,5
,Arizona,4.0,Yavapai,4025.0,2004,2004.0,Dec,12,60.1539,31.1394,1
,Arizona,4.0,Yavapai,4025.0,2005,2005.0,Jan,1,59.3806,34.0043,0
,Arizona,4.0,Yavapai,4025.0,2005,2005.0,Feb,2,59.1137,32.6221,3
,Arizona,4.0,Yavapai,4025.0,2005,2005.0,Mar,3,73.7623,36.8591,1
,Arizona,4.0,Yavapai,4025.0,2005,2005.0,Apr,4,88.6323,41.3029,3
,Arizona,4.0,Yavapai,4025.0,2005,2005.0,May,5,103.5064,52.1546,2
,Arizona,4.0,Yavapai,4025.0,2005,2005.0,Jun,6,112.0294,58.8243,1
,Arizona,4.0,Yavapai,4025.0,2005,2005.0,Jul,7,120.9231,66.3736,3
,Arizona,4.0,Yavapai,4025.0,2005,2005.0,Aug,8,103.9714,64.3504,3
,Arizona,4.0,Yavapai,4025.0,2005,2005.0,Sep,9,103.9225,58.5702,0
,Arizona,4.0,Yavapai,4025.0,2005,2005.0,Oct,10,88.6581,50.5627,6
,Arizona,4.0,Yavapai,4025.0,2005,2005.0,Nov,11,72.7624,38.0421,2
,Arizona,4.0,Yavapai,4025.0,2005,2005.0,Dec,12,64.6013,29.9813,1
,Arizona,4.0,Yavapai,4025.0,2006,2006.0,Jan,1,66.3139,29.785,0
,Arizona,4.0,Yavapai,4025.0,2006,2006.0,Feb,2,75.6382,32.4116,1
,Arizona,4.0,Yavapai,4025.0,2006,2006.0,Mar,3,73.2069,34.3283,4
,Arizona,4.0,Yavapai,4025.0,2006,2006.0,Apr,4,93.6721,42.9469,5
,Arizona,4.0,Yavapai,4025.0,2006,2006.0,May,5,111.785,53.6979,6
,Arizona,4.0,Yavapai,4025.0,2006,2006.0,Jun,6,120.994,62.1456,2
,Arizona,4.0,Yavapai,4025.0,2006,2006.0,Jul,7,116.6633,66.9729,2
,Arizona,4.0,Yavapai,4025.0,2006,2006.0,Aug,8,107.5554,64.2761,3
,Arizona,4.0,Yavapai,4025.0,2006,2006.0,Sep,9,97.3256,56.3535,1
,Arizona,4.0,Yavapai,4025.0,2006,2006.0,Oct,10,83.7617,45.4415,0
,Arizona,4.0,Yavapai,4025.0,2006,2006.0,Nov,11,76.2199,39.1052,1
,Arizona,4.0,Yavapai,4025.0,2006,2006.0,Dec,12,63.6425,28.2366,4
,Arizona,4.0,Yavapai,4025.0,2007,2007.0,Jan,1,59.3262,26.766,0
,Arizona,4.0,Yavapai,4025.0,2007,2007.0,Feb,2,68.4988,32.3839,3
,Arizona,4.0,Yavapai,4025.0,2007,2007.0,Mar,3,88.4503,38.746,2
,Arizona,4.0,Yavapai,4025.0,2007,2007.0,Apr,4,95.2341,43.1538,3
,Arizona,4.0,Yavapai,4025.0,2007,2007.0,May,5,109.9652,52.9475,0
,Arizona,4.0,Yavapai,4025.0,2007,2007.0,Jun,6,120.8455,59.7678,1
,Arizona,4.0,Yavapai,4025.0,2007,2007.0,Jul,7,120.915,66.8826,5
,Arizona,4.0,Yavapai,4025.0,2007,2007.0,Aug,8,111.124,66.6612,2
,Arizona,4.0,Yavapai,4025.0,2007,2007.0,Sep,9,103.659,59.8234,3
,Arizona,4.0,Yavapai,4025.0,2007,2007.0,Oct,10,89.0516,48.4302,4
,Arizona,4.0,Yavapai,4025.0,2007,2007.0,Nov,11,79.6448,42.0885,2
,Arizona,4.0,Yavapai,4025.0,2007,2007.0,Dec,12,55.1247,28.9541,1
,Arizona,4.0,Yavapai,4025.0,2008,2008.0,Jan,1,55.408,25.8233,1
,Arizona,4.0,Yavapai,4025.0,2008,2008.0,Feb,2,65.0772,31.7559,0
,Arizona,4.0,Yavapai,4025.0,2008,2008.0,Mar,3,83.5309,36.0172,2
,Arizona,4.0,Yavapai,4025.0,2008,2008.0,Apr,4,96.5473,41.7701,1
,Arizona,4.0,Yavapai,4025.0,2008,2008.0,May,5,105.2508,48.5567,1
,Arizona,4.0,Yavapai,4025.0,2008,2008.0,Jun,6,119.3123,60.2783,3
,Arizona,4.0,Yavapai,4025.0,2008,2008.0,Jul,7,115.2069,66.0202,2
,Arizona,4.0,Yavapai,4025.0,2008,2008.0,Aug,8,109.7795,65.2503,3
,Arizona,4.0,Yavapai,4025.0,2008,2008.0,Sep,9,103.6887,59.8483,1
,Arizona,4.0,Yavapai,4025.0,2008,2008.0,Oct,10,93.5981,49.589,3
,Arizona,4.0,Yavapai,4025.0,2008,2008.0,Nov,11,77.3713,40.5949,1
,Arizona,4.0,Yavapai,4025.0,2008,2008.0,Dec,12,56.7788,31.9394,5
,Arizona,4.0,Yuma,4027.0,2003,2003.0,Jan,1,84.5322,42.083,1
,Arizona,4.0,Yuma,4027.0,2003,2003.0,Feb,2,82.7123,39.9678,1
,Arizona,4.0,Yuma,4027.0,2003,2003.0,Mar,3,99.0551,45.9412,3
,Arizona,4.0,Yuma,4027.0,2003,2003.0,Apr,4,108.1311,49.3452,0
,Arizona,4.0,Yuma,4027.0,2003,2003.0,May,5,120.7163,59.1282,1
,Arizona,4.0,Yuma,4027.0,2003,2003.0,Jun,6,131.1213,68.1769,0
,Arizona,4.0,Yuma,4027.0,2003,2003.0,Jul,7,132.2315,77.0119,0
,Arizona,4.0,Yuma,4027.0,2003,2003.0,Aug,8,127.4397,77.7357,0
,Arizona,4.0,Yuma,4027.0,2003,2003.0,Sep,9,124.0828,74.0745,2
,Arizona,4.0,Yuma,4027.0,2003,2003.0,Oct,10,112.9635,64.7354,0
,Arizona,4.0,Yuma,4027.0,2003,2003.0,Nov,11,83.2426,42.1176,0
,Arizona,4.0,Yuma,4027.0,2003,2003.0,Dec,12,76.0742,35.4308,3
,Arizona,4.0,Yuma,4027.0,2004,2004.0,Jan,1,77.6558,37.8608,1
,Arizona,4.0,Yuma,4027.0,2004,2004.0,Feb,2,83.2094,36.6384,1
,Arizona,4.0,Yuma,4027.0,2004,2004.0,Mar,3,108.1084,53.393,2
,Arizona,4.0,Yuma,4027.0,2004,2004.0,Apr,4,111.8805,54.054,2
,Arizona,4.0,Yuma,4027.0,2004,2004.0,May,5,124.418,61.2517,1
,Arizona,4.0,Yuma,4027.0,2004,2004.0,Jun,6,130.4722,67.4747,0
,Arizona,4.0,Yuma,4027.0,2004,2004.0,Jul,7,131.8567,75.1932,1
,Arizona,4.0,Yuma,4027.0,2004,2004.0,Aug,8,129.1546,76.4875,1
,Arizona,4.0,Yuma,4027.0,2004,2004.0,Sep,9,120.8555,69.4088,1
,Arizona,4.0,Yuma,4027.0,2004,2004.0,Oct,10,103.0623,56.5826,0
,Arizona,4.0,Yuma,4027.0,2004,2004.0,Nov,11,77.4384,43.7262,1
,Arizona,4.0,Yuma,4027.0,2004,2004.0,Dec,12,70.4717,38.3082,2
,Arizona,4.0,Yuma,4027.0,2005,2005.0,Jan,1,71.9557,41.6885,1
,Arizona,4.0,Yuma,4027.0,2005,2005.0,Feb,2,75.549,43.7065,1
,Arizona,4.0,Yuma,4027.0,2005,2005.0,Mar,3,92.5914,46.988,2
,Arizona,4.0,Yuma,4027.0,2005,2005.0,Apr,4,109.0681,51.7298,1
,Arizona,4.0,Yuma,4027.0,2005,2005.0,May,5,121.8424,62.0849,2
,Arizona,4.0,Yuma,4027.0,2005,2005.0,Jun,6,129.9155,69.885,3
,Arizona,4.0,Yuma,4027.0,2005,2005.0,Jul,7,134.3975,78.6277,2
,Arizona,4.0,Yuma,4027.0,2005,2005.0,Aug,8,126.433,78.1734,0
,Arizona,4.0,Yuma,4027.0,2005,2005.0,Sep,9,123.6562,70.2725,0
,Arizona,4.0,Yuma,4027.0,2005,2005.0,Oct,10,107.4299,60.5286,1
,Arizona,4.0,Yuma,4027.0,2005,2005.0,Nov,11,90.5276,46.4679,0
,Arizona,4.0,Yuma,4027.0,2005,2005.0,Dec,12,79.2943,37.5842,2
,Arizona,4.0,Yuma,4027.0,2006,2006.0,Jan,1,81.0954,37.4898,3
,Arizona,4.0,Yuma,4027.0,2006,2006.0,Feb,2,90.5084,40.2377,2
,Arizona,4.0,Yuma,4027.0,2006,2006.0,Mar,3,94.7612,42.1926,4
,Arizona,4.0,Yuma,4027.0,2006,2006.0,Apr,4,112.1072,52.0371,2
,Arizona,4.0,Yuma,4027.0,2006,2006.0,May,5,126.7921,62.2316,0
,Arizona,4.0,Yuma,4027.0,2006,2006.0,Jun,6,134.9836,73.045,3
,Arizona,4.0,Yuma,4027.0,2006,2006.0,Jul,7,132.1686,80.349,2
,Arizona,4.0,Yuma,4027.0,2006,2006.0,Aug,8,129.3481,77.2353,0
,Arizona,4.0,Yuma,4027.0,2006,2006.0,Sep,9,117.7453,69.5271,4
,Arizona,4.0,Yuma,4027.0,2006,2006.0,Oct,10,104.3554,56.1986,2
,Arizona,4.0,Yuma,4027.0,2006,2006.0,Nov,11,93.2051,47.633,2
,Arizona,4.0,Yuma,4027.0,2006,2006.0,Dec,12,77.3048,35.4774,3
,Arizona,4.0,Yuma,4027.0,2007,2007.0,Jan,1,76.2983,33.4429,0
,Arizona,4.0,Yuma,4027.0,2007,2007.0,Feb,2,88.5428,40.5728,1
,Arizona,4.0,Yuma,4027.0,2007,2007.0,Mar,3,105.546,47.6439,4
,Arizona,4.0,Yuma,4027.0,2007,2007.0,Apr,4,112.3518,52.2889,1
,Arizona,4.0,Yuma,4027.0,2007,2007.0,May,5,124.3397,60.6179,1
,Arizona,4.0,Yuma,4027.0,2007,2007.0,Jun,6,133.3798,68.4825,1
,Arizona,4.0,Yuma,4027.0,2007,2007.0,Jul,7,131.1647,77.5326,0
,Arizona,4.0,Yuma,4027.0,2007,2007.0,Aug,8,129.35,79.3767,1
,Arizona,4.0,Yuma,4027.0,2007,2007.0,Sep,9,121.5898,71.3454,0
,Arizona,4.0,Yuma,4027.0,2007,2007.0,Oct,10,107.1245,56.6682,3
,Arizona,4.0,Yuma,4027.0,2007,2007.0,Nov,11,96.2605,49.0524,1
,Arizona,4.0,Yuma,4027.0,2007,2007.0,Dec,12,69.5276,35.5525,0
,Arizona,4.0,Yuma,4027.0,2008,2008.0,Jan,1,73.8035,35.4258,0
,Arizona,4.0,Yuma,4027.0,2008,2008.0,Feb,2,86.6837,39.3999,2
,Arizona,4.0,Yuma,4027.0,2008,2008.0,Mar,3,103.1507,45.5257,0
,Arizona,4.0,Yuma,4027.0,2008,2008.0,Apr,4,113.0409,51.4044,1
,Arizona,4.0,Yuma,4027.0,2008,2008.0,May,5,120.0025,58.3126,0
,Arizona,4.0,Yuma,4027.0,2008,2008.0,Jun,6,133.3787,71.2407,0
,Arizona,4.0,Yuma,4027.0,2008,2008.0,Jul,7,130.9518,77.4683,1
,Arizona,4.0,Yuma,4027.0,2008,2008.0,Aug,8,126.5811,77.5029,0
,Arizona,4.0,Yuma,4027.0,2008,2008.0,Sep,9,121.7348,73.8978,0
,Arizona,4.0,Yuma,4027.0,2008,2008.0,Oct,10,109.2333,58.116,0
,Arizona,4.0,Yuma,4027.0,2008,2008.0,Nov,11,91.468,48.3518,2
,Arizona,4.0,Yuma,4027.0,2008,2008.0,Dec,12,71.7647,38.306,1
